95	0	1
124	0	1
128	0	1
130	0	1
133	0	1
136	0	1
138	0	1
141	0	1
145	0	1
147	0	1
149	0	1
153	0	1
167	0	1
174	0	1
178	0	1
200	0	1
201	0	1
202	0	1
203	0	1
204	0	1
208	0	1
226	0	1
233	0	1
237	0	1
245	0	1
247	0	1
249	0	1
261	0	1
264	0	1
352	0	1
357	0	1
361	0	1
364	0	1
368	0	1
373	0	1
374	0	1
375	0	1
376	0	1
377	0	1
378	0	1
379	0	1
380	0	1
381	0	1
382	0	1
383	0	1
384	0	1
389	0	1
393	0	1
404	0	1
406	0	1
409	0	1
410	0	1
412	0	1
413	0	1
414	0	1
415	0	1
417	0	1
418	0	1
419	0	1
420	0	1
421	0	1
423	0	1
425	0	1
427	0	1
429	0	1
431	0	1
433	0	1
434	0	1
438	0	1
439	0	1
441	0	1
442	0	1
443	0	1
444	0	1
445	0	1
446	0	1
447	0	1
449	0	1
450	0	1
451	0	1
452	0	1
455	0	1
465	0	1
466	0	1
470	0	1
471	0	1
473	0	1
474	0	1
475	0	1
476	0	1
477	0	1
478	0	1
481	0	1
482	0	1
483	0	1
484	0	1
486	0	1
487	0	1
506	0	1
511	0	1
515	0	1
516	0	1
519	0	1
520	0	1
523	0	1
524	0	1
525	0	1
526	0	1
527	0	1
528	0	1
529	0	1
530	0	1
531	0	1
532	0	1
534	0	1
535	0	1
536	0	1
545	0	1
547	0	1
551	0	1
552	0	1
553	0	1
556	0	1
559	0	1
560	0	1
561	0	1
562	0	1
563	0	1
565	0	1
566	0	1
567	0	1
568	0	1
569	0	1
571	0	1
572	0	1
574	0	1
575	0	1
576	0	1
577	0	1
579	0	1
580	0	1
590	0	1
593	0	1
594	0	1
595	0	1
596	0	1
597	0	1
598	0	1
618	0	1
620	0	1
621	0	1
622	0	1
623	0	1
627	0	1
628	0	1
629	0	1
630	0	1
631	0	1
632	0	1
633	0	1
634	0	1
635	0	1
639	0	1
662	0	1
663	0	1
670	0	1
677	0	1
682	0	1
683	0	1
692	0	1
696	0	1
711	0	1
713	0	1
717	0	1
718	0	1
719	0	1
723	0	1
726	0	1
729	0	1
733	0	1
891	0	1
892	0	1
898	0	1
899	0	1
909	0	1
924	0	1
926	0	1
927	0	1
930	0	1
931	0	1
935	0	1
936	0	1
937	0	1
939	0	1
942	0	1
944	0	1
947	0	1
948	0	1
952	0	1
953	0	1
965	0	1
968	0	1
970	0	1
994	0	1
1003	0	1
1004	0	1
1012	0	1
1014	0	1
1015	0	1
1016	0	1
1020	0	1
1021	0	1
1023	0	1
1025	0	1
1026	0	1
1027	0	1
1031	0	1
1032	0	1
1033	0	1
1038	0	1
1040	0	1
1045	0	1
1047	0	1
1048	0	1
1051	0	1
1060	0	1
1061	0	1
1062	0	1
1063	0	1
1066	0	1
1068	0	1
1069	0	1
1070	0	1
1071	0	1
1073	0	1
1077	0	1
1078	0	1
1080	0	1
1081	0	1
1082	0	1
1084	0	1
1085	0	1
1090	0	1
1091	0	1
1092	0	1
1093	0	1
1095	0	1
1097	0	1
1098	0	1
1100	0	1
1101	0	1
1102	0	1
1106	0	1
1107	0	1
1108	0	1
1110	0	1
1111	0	1
1112	0	1
1121	0	1
1124	0	1
1126	0	1
1127	0	1
1131	0	1
1134	0	1
1143	0	1
1146	0	1
1148	0	1
1150	0	1
1151	0	1
1153	0	1
1155	0	1
1158	0	1
1177	0	1
1179	0	1
1185	0	1
1186	0	1
1187	0	1
1188	0	1
1192	0	1
1193	0	1
1194	0	1
1197	0	1
1205	0	1
1206	0	1
1207	0	1
1208	0	1
1209	0	1
1213	0	1
1218	0	1
1219	0	1
1222	0	1
1224	0	1
1226	0	1
1231	0	1
1232	0	1
1233	0	1
1234	0	1
1235	0	1
1237	0	1
1238	0	1
1240	0	1
1241	0	1
1244	0	1
1250	0	1
1256	0	1
1263	0	1
1274	0	1
1278	0	1
1279	0	1
1280	0	1
1281	0	1
1282	0	1
1283	0	1
1284	0	1
1285	0	1
1287	0	1
1290	0	1
1295	0	1
1299	0	1
1301	0	1
1302	0	1
1308	0	1
1309	0	1
1310	0	1
1313	0	1
1315	0	1
1319	0	1
1324	0	1
1325	0	1
1326	0	1
1332	0	1
1334	0	1
1340	0	1
1341	0	1
1342	0	1
1345	0	1
1347	0	1
1354	0	1
1426	0	2
2201	0	2
2386	0	2
2482	0	2
2506	0	2
2680	0	2
3012	0	3
3013	0	3
3398	0	3
3441	0	3
3445	0	3
3449	0	3
3450	0	3
3559	0	3
4331	0	4
4333	0	4
4477	0	4
4484	0	4
4485	0	4
4635	0	4
4837	0	4
4841	0	4
4894	0	5
4907	0	5
4909	0	5
4912	0	5
4916	0	5
4917	0	5
4942	0	5
4957	0	5
4962	0	5
4965	0	5
4966	0	5
4967	0	5
4968	0	5
5338	0	5
5595	0	5
5597	0	5
5833	0	5
6066	0	6
6067	0	6
6069	0	6
6071	0	6
6072	0	6
6073	0	6
6075	0	6
6076	0	6
6079	0	6
6138	0	6
6391	0	6
6393	0	6
6402	0	6
6422	0	6
6483	0	6
6889	0	6
6890	0	6
6891	0	6
6892	0	6
6905	0	6
6906	0	6
6907	0	6
6908	0	6
6909	0	6
6910	0	6
6911	0	6
6912	0	6
7739	0	7
7930	0	7
7989	0	7
8425	0	8
8427	0	8
8750	0	8
8757	0	8
8824	0	9
9116	0	9
9117	0	9
9118	0	9
9119	0	9
9121	0	9
9122	0	9
9124	0	9
9677	0	10
9882	0	10
9979	0	10
10200	0	10
10207	0	10
10689	0	11
10975	0	11
10976	0	11
11066	0	12
11067	0	12
11070	0	12
11111	0	12
11335	0	12
11338	0	12
11394	0	12
11399	0	12
11498	0	12
11501	0	12
12760	0	15
12761	0	15
12926	0	15
12927	0	15
13000	0	15
13002	0	15
13003	0	15
13004	0	15
13005	0	15
13008	0	15
13009	0	15
13012	0	15
13015	0	15
13016	0	15
13021	0	15
13032	0	15
13033	0	15
13035	0	15
13036	0	15
13191	0	16
13369	0	16
13580	0	16
13690	0	16
13712	0	16
13761	0	16
13798	0	16
13799	0	16
13801	0	16
13802	0	16
13803	0	16
13805	0	16
13808	0	16
13974	0	17
13975	0	17
13976	0	17
13978	0	17
13981	0	17
13982	0	17
14130	0	17
14158	0	17
14429	0	17
14528	0	17
14738	0	18
14828	0	18
14994	0	19
15080	0	19
15264	0	19
15274	0	19
15311	0	19
15349	0	19
15362	0	19
15380	0	19
15425	0	19
15473	0	19
15477	0	19
15512	0	20
15515	0	20
15518	0	20
15519	0	20
15528	0	20
15529	0	20
15530	0	20
15531	0	20
15532	0	20
15533	0	20
15542	0	20
15544	0	20
15545	0	20
15547	0	20
15549	0	20
15550	0	20
15551	0	20
15555	0	20
15559	0	20
15561	0	20
15562	0	20
15563	0	20
15568	0	20
15570	0	20
15571	0	20
15572	0	20
15573	0	20
15575	0	20
15579	0	20
15581	0	20
15582	0	20
15583	0	20
15585	0	20
15587	0	20
15659	0	20
15662	0	20
15666	0	20
15912	0	21
16064	0	22
16065	0	22
16080	0	22
16268	0	X
16774	0	X
17007	0	X
17169	0	X
17263	0	X
17264	0	X
17471	0	X
17477	0	X
17480	0	X
17628	0	X
309	1	1
676	1	1
699	1	1
700	1	1
701	1	1
707	1	1
998	1	1
1001	1	1
1251	1	1
1261	1	1
1392	1	2
1393	1	2
1396	1	2
1397	1	2
1398	1	2
1399	1	2
1403	1	2
1404	1	2
1408	1	2
1409	1	2
1410	1	2
1411	1	2
1412	1	2
1413	1	2
1414	1	2
1417	1	2
1418	1	2
1419	1	2
1420	1	2
1422	1	2
1424	1	2
1428	1	2
1431	1	2
1433	1	2
1434	1	2
1437	1	2
1439	1	2
1440	1	2
1441	1	2
1442	1	2
1443	1	2
1445	1	2
1449	1	2
1450	1	2
1451	1	2
1454	1	2
1455	1	2
1456	1	2
1457	1	2
1458	1	2
1460	1	2
1461	1	2
1462	1	2
1463	1	2
1464	1	2
1465	1	2
1468	1	2
1470	1	2
1471	1	2
1472	1	2
1473	1	2
1474	1	2
1475	1	2
1476	1	2
1478	1	2
1479	1	2
1480	1	2
1483	1	2
1484	1	2
1488	1	2
1493	1	2
1495	1	2
1501	1	2
1505	1	2
1506	1	2
1509	1	2
1515	1	2
1519	1	2
1522	1	2
1523	1	2
1526	1	2
1530	1	2
1533	1	2
1534	1	2
1536	1	2
1537	1	2
1539	1	2
1540	1	2
1541	1	2
1549	1	2
1551	1	2
1553	1	2
1556	1	2
1557	1	2
1559	1	2
1560	1	2
1562	1	2
1563	1	2
1564	1	2
1567	1	2
1568	1	2
1572	1	2
1574	1	2
1575	1	2
1581	1	2
1583	1	2
1585	1	2
1586	1	2
1587	1	2
1590	1	2
1594	1	2
1597	1	2
1599	1	2
1600	1	2
1602	1	2
1603	1	2
1605	1	2
1606	1	2
1607	1	2
1608	1	2
1609	1	2
1610	1	2
1611	1	2
1615	1	2
1616	1	2
1617	1	2
1618	1	2
1621	1	2
1622	1	2
1624	1	2
1627	1	2
1629	1	2
1630	1	2
1631	1	2
1633	1	2
1637	1	2
1638	1	2
1640	1	2
1646	1	2
1648	1	2
1651	1	2
1652	1	2
1656	1	2
1662	1	2
1666	1	2
1671	1	2
1672	1	2
1674	1	2
1675	1	2
1676	1	2
1678	1	2
1680	1	2
1685	1	2
1687	1	2
1690	1	2
1691	1	2
1693	1	2
1694	1	2
1695	1	2
1696	1	2
1752	1	2
1753	1	2
1754	1	2
1755	1	2
1757	1	2
1758	1	2
1759	1	2
1760	1	2
1761	1	2
1763	1	2
1764	1	2
1766	1	2
1767	1	2
1769	1	2
1771	1	2
1773	1	2
1774	1	2
1776	1	2
1777	1	2
1919	1	2
2015	1	2
2017	1	2
2025	1	2
2026	1	2
2029	1	2
2030	1	2
2032	1	2
2033	1	2
2034	1	2
2037	1	2
2040	1	2
2041	1	2
2043	1	2
2044	1	2
2049	1	2
2053	1	2
2055	1	2
2056	1	2
2093	1	2
2165	1	2
2168	1	2
2170	1	2
2171	1	2
2173	1	2
2174	1	2
2178	1	2
2179	1	2
2180	1	2
2181	1	2
2182	1	2
2184	1	2
2186	1	2
2193	1	2
2194	1	2
2196	1	2
2211	1	2
2213	1	2
2217	1	2
2219	1	2
2220	1	2
2221	1	2
2222	1	2
2223	1	2
2225	1	2
2228	1	2
2235	1	2
2238	1	2
2240	1	2
2242	1	2
2243	1	2
2270	1	2
2331	1	2
2336	1	2
2338	1	2
2339	1	2
2340	1	2
2342	1	2
2343	1	2
2347	1	2
2350	1	2
2351	1	2
2352	1	2
2353	1	2
2354	1	2
2357	1	2
2358	1	2
2363	1	2
2365	1	2
2366	1	2
2368	1	2
2369	1	2
2370	1	2
2371	1	2
2372	1	2
2373	1	2
2374	1	2
2375	1	2
2377	1	2
2382	1	2
2383	1	2
2384	1	2
2388	1	2
2389	1	2
2392	1	2
2401	1	2
2402	1	2
2404	1	2
2407	1	2
2408	1	2
2410	1	2
2411	1	2
2413	1	2
2414	1	2
2418	1	2
2419	1	2
2421	1	2
2422	1	2
2423	1	2
2424	1	2
2428	1	2
2429	1	2
2435	1	2
2437	1	2
2438	1	2
2443	1	2
2445	1	2
2453	1	2
2458	1	2
2459	1	2
2460	1	2
2461	1	2
2462	1	2
2463	1	2
2464	1	2
2466	1	2
2467	1	2
2474	1	2
2475	1	2
2476	1	2
2479	1	2
2480	1	2
2485	1	2
2486	1	2
2488	1	2
2491	1	2
2492	1	2
2493	1	2
2494	1	2
2498	1	2
2499	1	2
2500	1	2
2501	1	2
2503	1	2
2508	1	2
2512	1	2
2514	1	2
2516	1	2
2517	1	2
2519	1	2
2520	1	2
2523	1	2
2524	1	2
2526	1	2
2535	1	2
2536	1	2
2537	1	2
2540	1	2
2542	1	2
2544	1	2
2546	1	2
2550	1	2
2552	1	2
2554	1	2
2556	1	2
2557	1	2
2559	1	2
2560	1	2
2561	1	2
2562	1	2
2563	1	2
2564	1	2
2565	1	2
2566	1	2
2567	1	2
2568	1	2
2569	1	2
2570	1	2
2571	1	2
2572	1	2
2573	1	2
2582	1	2
2595	1	2
2597	1	2
2598	1	2
2599	1	2
2602	1	2
2603	1	2
2608	1	2
2610	1	2
2611	1	2
2614	1	2
2615	1	2
2616	1	2
2629	1	2
2709	1	2
2710	1	2
2711	1	2
2712	1	2
2718	1	2
2719	1	2
2773	1	2
2823	1	3
2824	1	3
2825	1	3
2830	1	3
3143	1	3
3147	1	3
3440	1	3
3465	1	3
4082	1	4
4084	1	4
4380	1	4
4799	1	4
4801	1	4
4807	1	4
4809	1	4
4865	1	4
4866	1	4
4867	1	4
4868	1	4
4869	1	4
4872	1	4
4878	1	4
4879	1	4
5023	1	5
5080	1	5
5114	1	5
5345	1	5
5607	1	5
5747	1	5
6063	1	6
6413	1	6
6417	1	6
6438	1	6
6441	1	6
6472	1	6
6935	1	7
7037	1	7
7038	1	7
7039	1	7
7042	1	7
7266	1	7
7522	1	7
7583	1	7
7700	1	7
7894	1	7
7895	1	7
7896	1	7
7897	1	7
7899	1	7
8219	1	8
8220	1	8
8227	1	8
8230	1	8
8231	1	8
8233	1	8
8266	1	8
8464	1	8
9401	1	9
9403	1	9
9955	1	10
10072	1	10
10075	1	10
10406	1	11
10407	1	11
10645	1	11
10907	1	11
10908	1	11
10910	1	11
11250	1	12
11661	1	12
11675	1	12
11679	1	12
11682	1	12
11683	1	12
11839	1	13
12288	1	14
12310	1	14
12606	1	14
12607	1	14
12812	1	15
13018	1	15
13642	1	16
13920	1	17
13943	1	17
14016	1	17
14148	1	17
14227	1	17
14233	1	17
14366	1	17
14444	1	17
14679	1	18
14694	1	18
14695	1	18
14697	1	18
14832	1	18
15541	1	20
15743	1	20
16130	1	22
16296	1	X
16297	1	X
16497	1	X
16729	1	X
16757	1	X
16777	1	X
16789	1	X
16963	1	X
17327	1	X
17350	1	X
17372	1	X
17697	1	X
504	2	1
637	2	1
920	2	1
922	2	1
995	2	1
1704	2	2
1741	2	2
2020	2	2
2364	2	2
2574	2	2
2575	2	2
2576	2	2
2578	2	2
2579	2	2
2580	2	2
2586	2	2
2590	2	2
2591	2	2
2596	2	2
2650	2	2
2783	2	3
2785	2	3
2786	2	3
2787	2	3
2789	2	3
2792	2	3
2793	2	3
2794	2	3
2795	2	3
2799	2	3
2803	2	3
2804	2	3
2805	2	3
2806	2	3
2808	2	3
2810	2	3
2811	2	3
2812	2	3
2814	2	3
2818	2	3
2819	2	3
2820	2	3
2821	2	3
2863	2	3
2864	2	3
2865	2	3
2866	2	3
2867	2	3
2868	2	3
2869	2	3
2870	2	3
2872	2	3
2873	2	3
2874	2	3
2875	2	3
2876	2	3
2877	2	3
2881	2	3
2882	2	3
2885	2	3
2886	2	3
2890	2	3
2892	2	3
2893	2	3
2895	2	3
2896	2	3
2897	2	3
2899	2	3
2900	2	3
2901	2	3
2902	2	3
2904	2	3
2905	2	3
2909	2	3
2910	2	3
2913	2	3
2915	2	3
2920	2	3
2921	2	3
2925	2	3
2926	2	3
2928	2	3
2930	2	3
2931	2	3
2935	2	3
2936	2	3
2937	2	3
2939	2	3
2942	2	3
2943	2	3
2944	2	3
2945	2	3
2947	2	3
2948	2	3
2949	2	3
2950	2	3
2952	2	3
2955	2	3
2956	2	3
2957	2	3
2958	2	3
2960	2	3
2964	2	3
2966	2	3
2967	2	3
2968	2	3
2970	2	3
2971	2	3
2972	2	3
2974	2	3
2975	2	3
2977	2	3
2978	2	3
2979	2	3
2980	2	3
2982	2	3
2983	2	3
2985	2	3
2997	2	3
3000	2	3
3001	2	3
3003	2	3
3004	2	3
3005	2	3
3009	2	3
3011	2	3
3017	2	3
3018	2	3
3020	2	3
3047	2	3
3089	2	3
3092	2	3
3093	2	3
3094	2	3
3096	2	3
3097	2	3
3098	2	3
3100	2	3
3101	2	3
3103	2	3
3104	2	3
3118	2	3
3125	2	3
3127	2	3
3128	2	3
3129	2	3
3130	2	3
3131	2	3
3135	2	3
3397	2	3
3642	2	3
3645	2	3
3876	2	4
3901	2	4
4198	2	4
4199	2	4
4200	2	4
4627	2	4
4836	2	4
5549	2	5
5735	2	5
5738	2	5
5935	2	5
6021	2	6
6613	2	6
7132	2	7
7417	2	7
7504	2	7
8148	2	8
9267	2	9
9803	2	10
9808	2	10
9810	2	10
9811	2	10
9812	2	10
9813	2	10
9814	2	10
11129	2	12
11138	2	12
11139	2	12
11140	2	12
11143	2	12
11144	2	12
12178	2	13
12396	2	14
13857	2	16
14004	2	17
14132	2	17
14164	2	17
14171	2	17
14172	2	17
14180	2	17
14845	2	19
14902	2	19
14985	2	19
14990	2	19
15034	2	19
15035	2	19
15113	2	19
15990	2	22
16003	2	22
16273	2	X
16274	2	X
16275	2	X
16288	2	X
16289	2	X
16291	2	X
16293	2	X
16298	2	X
16301	2	X
16304	2	X
16305	2	X
16306	2	X
16308	2	X
16309	2	X
16310	2	X
16311	2	X
16326	2	X
16328	2	X
16329	2	X
16330	2	X
16376	2	X
16377	2	X
16378	2	X
16382	2	X
16385	2	X
16386	2	X
16390	2	X
16392	2	X
16396	2	X
16397	2	X
16399	2	X
16418	2	X
16719	2	X
16979	2	X
16993	2	X
17113	2	X
17173	2	X
17259	2	X
17261	2	X
17416	2	X
17422	2	X
17427	2	X
17434	2	X
17678	2	X
17698	2	X
17702	2	X
31	3	1
266	3	1
542	3	1
585	3	1
589	3	1
1113	3	1
1114	3	1
1116	3	1
1119	3	1
1200	3	1
1269	3	1
1762	3	2
2648	3	2
2649	3	2
2652	3	2
2658	3	2
2667	3	2
2672	3	2
2673	3	2
2849	3	3
2851	3	3
2996	3	3
3148	3	3
3150	3	3
3155	3	3
3156	3	3
3158	3	3
3161	3	3
3162	3	3
3163	3	3
3166	3	3
3168	3	3
3169	3	3
3170	3	3
3172	3	3
3173	3	3
3174	3	3
3176	3	3
3178	3	3
3179	3	3
3181	3	3
3182	3	3
3183	3	3
3184	3	3
3185	3	3
3190	3	3
3195	3	3
3196	3	3
3198	3	3
3199	3	3
3200	3	3
3201	3	3
3202	3	3
3243	3	3
3244	3	3
3245	3	3
3246	3	3
3249	3	3
3250	3	3
3251	3	3
3252	3	3
3253	3	3
3255	3	3
3257	3	3
3261	3	3
3262	3	3
3263	3	3
3265	3	3
3266	3	3
3269	3	3
3271	3	3
3274	3	3
3275	3	3
3277	3	3
3283	3	3
3300	3	3
3302	3	3
3305	3	3
3306	3	3
3311	3	3
3314	3	3
3315	3	3
3317	3	3
3319	3	3
3320	3	3
3322	3	3
3325	3	3
3328	3	3
3331	3	3
3333	3	3
3335	3	3
3336	3	3
3337	3	3
3342	3	3
3343	3	3
3353	3	3
3355	3	3
3357	3	3
3359	3	3
3360	3	3
3361	3	3
3362	3	3
3363	3	3
3365	3	3
3366	3	3
3368	3	3
3369	3	3
3370	3	3
3371	3	3
3372	3	3
3373	3	3
3375	3	3
3379	3	3
3380	3	3
3382	3	3
3385	3	3
3386	3	3
3387	3	3
3388	3	3
3389	3	3
3390	3	3
3396	3	3
3402	3	3
3404	3	3
3405	3	3
3406	3	3
3408	3	3
3409	3	3
3410	3	3
3411	3	3
3412	3	3
3413	3	3
3425	3	3
3426	3	3
3427	3	3
3431	3	3
3467	3	3
3470	3	3
3471	3	3
3474	3	3
3478	3	3
3479	3	3
3484	3	3
3493	3	3
3495	3	3
3496	3	3
3497	3	3
3498	3	3
3501	3	3
3507	3	3
3508	3	3
3512	3	3
3515	3	3
3517	3	3
3519	3	3
3520	3	3
3522	3	3
3523	3	3
3524	3	3
3526	3	3
3529	3	3
3532	3	3
3533	3	3
3536	3	3
3542	3	3
3545	3	3
3546	3	3
3547	3	3
3553	3	3
3555	3	3
3561	3	3
3567	3	3
3571	3	3
3572	3	3
3573	3	3
3575	3	3
3576	3	3
3577	3	3
3578	3	3
3579	3	3
3583	3	3
3586	3	3
3589	3	3
3590	3	3
3591	3	3
3595	3	3
3597	3	3
3598	3	3
3599	3	3
3600	3	3
3601	3	3
3602	3	3
3604	3	3
3605	3	3
3606	3	3
3607	3	3
3609	3	3
3610	3	3
3611	3	3
3614	3	3
3615	3	3
3616	3	3
3617	3	3
3619	3	3
3620	3	3
3621	3	3
3622	3	3
3624	3	3
3625	3	3
3626	3	3
3627	3	3
3631	3	3
3634	3	3
3635	3	3
3636	3	3
3637	3	3
3638	3	3
3641	3	3
3649	3	3
3651	3	3
3653	3	3
3654	3	3
3655	3	3
3659	3	3
3661	3	3
3662	3	3
3664	3	3
3665	3	3
3667	3	3
3672	3	3
3678	3	3
3681	3	3
3685	3	3
3686	3	3
3688	3	3
3690	3	3
3691	3	3
3692	3	3
3696	3	3
3697	3	3
3698	3	3
3699	3	3
3700	3	3
3701	3	3
3702	3	3
3703	3	3
3705	3	3
3706	3	3
3708	3	3
3709	3	3
3711	3	3
3712	3	3
3713	3	3
3714	3	3
3715	3	3
3716	3	3
3717	3	3
3718	3	3
3722	3	3
3723	3	3
3724	3	3
3728	3	3
3733	3	3
3735	3	3
3736	3	3
3737	3	3
3738	3	3
3739	3	3
3740	3	3
3741	3	3
3742	3	3
3743	3	3
3744	3	3
3745	3	3
3746	3	3
3755	3	3
3756	3	3
3758	3	3
3760	3	3
3761	3	3
3763	3	3
3767	3	3
3768	3	3
3770	3	3
3771	3	3
3772	3	3
3775	3	3
3792	3	3
3796	3	3
3799	3	3
3800	3	3
3802	3	3
3806	3	3
3807	3	3
3808	3	3
3809	3	3
3813	3	3
3814	3	3
3815	3	3
3816	3	3
3818	3	3
3822	3	3
3828	3	3
3834	3	3
3839	3	3
3845	3	3
3849	3	3
3852	3	3
4688	3	4
5130	3	5
5524	3	5
5526	3	5
5650	3	5
6055	3	6
6194	3	6
6363	3	6
6440	3	6
6771	3	6
6810	3	6
6811	3	6
8184	3	8
8185	3	8
8191	3	8
8951	3	9
8952	3	9
9244	3	9
9377	3	9
9779	3	10
9899	3	10
10024	3	10
10025	3	10
10775	3	11
10849	3	11
10852	3	11
10859	3	11
10962	3	11
10967	3	11
10968	3	11
10992	3	11
10994	3	11
10995	3	11
11115	3	12
11117	3	12
11232	3	12
11339	3	12
11344	3	12
11369	3	12
11370	3	12
11414	3	12
11529	3	12
11828	3	13
11897	3	13
12503	3	14
12558	3	14
12560	3	14
12562	3	14
12593	3	14
13118	3	15
13124	3	15
13125	3	15
13126	3	15
13131	3	15
13159	3	15
13486	3	16
13946	3	17
13947	3	17
14000	3	17
15493	3	20
15537	3	20
15789	3	20
15917	3	21
15921	3	21
16163	3	22
16281	3	X
16387	3	X
16515	3	X
16764	3	X
17097	3	X
17099	3	X
17101	3	X
17102	3	X
17104	3	X
17105	3	X
17106	3	X
17107	3	X
17109	3	X
17110	3	X
17111	3	X
17171	3	X
17226	3	X
159	4	1
329	4	1
332	4	1
333	4	1
335	4	1
337	4	1
338	4	1
341	4	1
351	4	1
395	4	1
396	4	1
793	4	1
980	4	1
1007	4	1
1008	4	1
1009	4	1
1086	4	1
1466	4	2
1716	4	2
1719	4	2
2637	4	2
2638	4	2
2639	4	2
2640	4	2
2641	4	2
2642	4	2
2643	4	2
2704	4	2
2757	4	2
2760	4	2
2761	4	2
2815	4	3
3871	4	4
3900	4	4
3929	4	4
3932	4	4
3940	4	4
3941	4	4
3942	4	4
3945	4	4
3946	4	4
3947	4	4
3948	4	4
3949	4	4
3950	4	4
3951	4	4
3953	4	4
3955	4	4
3957	4	4
3958	4	4
3960	4	4
3961	4	4
3962	4	4
3963	4	4
3965	4	4
3966	4	4
3967	4	4
3968	4	4
3969	4	4
3970	4	4
3971	4	4
3972	4	4
3973	4	4
3974	4	4
3975	4	4
3976	4	4
3979	4	4
3983	4	4
3985	4	4
3988	4	4
3989	4	4
3992	4	4
3993	4	4
3994	4	4
3999	4	4
4000	4	4
4002	4	4
4003	4	4
4004	4	4
4005	4	4
4006	4	4
4007	4	4
4008	4	4
4009	4	4
4026	4	4
4027	4	4
4028	4	4
4030	4	4
4031	4	4
4038	4	4
4042	4	4
4052	4	4
4058	4	4
4061	4	4
4062	4	4
4064	4	4
4065	4	4
4066	4	4
4067	4	4
4068	4	4
4070	4	4
4071	4	4
4072	4	4
4073	4	4
4074	4	4
4075	4	4
4077	4	4
4080	4	4
4094	4	4
4106	4	4
4124	4	4
4125	4	4
4135	4	4
4137	4	4
4143	4	4
4147	4	4
4148	4	4
4152	4	4
4153	4	4
4159	4	4
4160	4	4
4161	4	4
4163	4	4
4164	4	4
4167	4	4
4171	4	4
4172	4	4
4173	4	4
4177	4	4
4179	4	4
4180	4	4
4181	4	4
4183	4	4
4185	4	4
4186	4	4
4187	4	4
4188	4	4
4190	4	4
4193	4	4
4197	4	4
4204	4	4
4205	4	4
4208	4	4
4210	4	4
4211	4	4
4212	4	4
4213	4	4
4214	4	4
4216	4	4
4217	4	4
4223	4	4
4225	4	4
4226	4	4
4228	4	4
4230	4	4
4231	4	4
4232	4	4
4233	4	4
4236	4	4
4242	4	4
4243	4	4
4246	4	4
4251	4	4
4254	4	4
4256	4	4
4257	4	4
4258	4	4
4259	4	4
4265	4	4
4270	4	4
4274	4	4
4275	4	4
4277	4	4
4278	4	4
4281	4	4
4283	4	4
4284	4	4
4285	4	4
4286	4	4
4288	4	4
4289	4	4
4290	4	4
4292	4	4
4293	4	4
4294	4	4
4297	4	4
4298	4	4
4299	4	4
4304	4	4
4309	4	4
4310	4	4
4312	4	4
4314	4	4
4315	4	4
4316	4	4
4318	4	4
4320	4	4
4322	4	4
4324	4	4
4325	4	4
4329	4	4
4330	4	4
4338	4	4
4342	4	4
4343	4	4
4344	4	4
4345	4	4
4347	4	4
4348	4	4
4349	4	4
4350	4	4
4352	4	4
4354	4	4
4355	4	4
4357	4	4
4358	4	4
4361	4	4
4363	4	4
4364	4	4
4369	4	4
4371	4	4
4374	4	4
4377	4	4
4379	4	4
4381	4	4
4382	4	4
4383	4	4
4384	4	4
4385	4	4
4386	4	4
4389	4	4
4390	4	4
4392	4	4
4393	4	4
4399	4	4
4400	4	4
4403	4	4
4404	4	4
4408	4	4
4409	4	4
4411	4	4
4415	4	4
4421	4	4
4422	4	4
4423	4	4
4429	4	4
4430	4	4
4434	4	4
4435	4	4
4436	4	4
4439	4	4
4440	4	4
4442	4	4
4445	4	4
4449	4	4
4453	4	4
4454	4	4
4457	4	4
4461	4	4
4462	4	4
4464	4	4
4465	4	4
4466	4	4
4470	4	4
4471	4	4
4472	4	4
4473	4	4
4474	4	4
4482	4	4
4488	4	4
4492	4	4
4493	4	4
4494	4	4
4495	4	4
4500	4	4
4502	4	4
4503	4	4
4504	4	4
4506	4	4
4507	4	4
4508	4	4
4509	4	4
4510	4	4
4511	4	4
4514	4	4
4516	4	4
4518	4	4
4527	4	4
4528	4	4
4530	4	4
4535	4	4
4536	4	4
4538	4	4
4539	4	4
4540	4	4
4541	4	4
4542	4	4
4544	4	4
4549	4	4
4551	4	4
4552	4	4
4553	4	4
4554	4	4
4555	4	4
4556	4	4
4557	4	4
4560	4	4
4562	4	4
4563	4	4
4564	4	4
4565	4	4
4567	4	4
4571	4	4
4575	4	4
4576	4	4
4579	4	4
4580	4	4
4582	4	4
4583	4	4
4584	4	4
4585	4	4
4587	4	4
4590	4	4
4594	4	4
4595	4	4
4597	4	4
4615	4	4
4616	4	4
4617	4	4
4618	4	4
4620	4	4
4621	4	4
4623	4	4
4624	4	4
4628	4	4
4631	4	4
4632	4	4
4633	4	4
4634	4	4
4637	4	4
4638	4	4
4639	4	4
4646	4	4
4647	4	4
4648	4	4
4649	4	4
4653	4	4
4655	4	4
4656	4	4
4657	4	4
4658	4	4
4660	4	4
4661	4	4
4662	4	4
4664	4	4
4668	4	4
4670	4	4
4672	4	4
4673	4	4
4674	4	4
4683	4	4
4686	4	4
4691	4	4
4693	4	4
4694	4	4
4695	4	4
4696	4	4
4698	4	4
4699	4	4
4700	4	4
4704	4	4
4705	4	4
4706	4	4
4711	4	4
4712	4	4
4714	4	4
4715	4	4
4718	4	4
4720	4	4
4721	4	4
4723	4	4
4724	4	4
4725	4	4
4728	4	4
4729	4	4
4731	4	4
4732	4	4
4733	4	4
4738	4	4
4739	4	4
4740	4	4
4743	4	4
4744	4	4
4745	4	4
4749	4	4
4750	4	4
4752	4	4
4754	4	4
4756	4	4
4757	4	4
4758	4	4
4759	4	4
4760	4	4
4761	4	4
4762	4	4
4763	4	4
4764	4	4
4766	4	4
4768	4	4
4775	4	4
4779	4	4
4783	4	4
4785	4	4
4786	4	4
4787	4	4
4789	4	4
4793	4	4
4794	4	4
4797	4	4
4815	4	4
4816	4	4
4817	4	4
4819	4	4
4820	4	4
4821	4	4
4823	4	4
4824	4	4
4825	4	4
4826	4	4
4827	4	4
4828	4	4
4829	4	4
4831	4	4
4832	4	4
4833	4	4
4834	4	4
4835	4	4
4839	4	4
4842	4	4
4843	4	4
4844	4	4
4846	4	4
4847	4	4
4848	4	4
4849	4	4
4852	4	4
4877	4	4
5732	4	5
5849	4	5
5921	4	5
5951	4	5
5953	4	5
6626	4	6
6627	4	6
6628	4	6
6629	4	6
6638	4	6
6774	4	6
6776	4	6
6937	4	7
6940	4	7
7019	4	7
7087	4	7
7101	4	7
7273	4	7
7450	4	7
7586	4	7
7588	4	7
7592	4	7
7685	4	7
7908	4	7
7929	4	7
8978	4	9
8992	4	9
9127	4	9
9133	4	9
10243	4	11
10247	4	11
10249	4	11
10253	4	11
10255	4	11
10258	4	11
10262	4	11
10263	4	11
10265	4	11
10268	4	11
10269	4	11
10272	4	11
10273	4	11
10304	4	11
10477	4	11
10667	4	11
10669	4	11
10802	4	11
11045	4	12
11076	4	12
11191	4	12
11194	4	12
11195	4	12
11198	4	12
11417	4	12
11518	4	12
11578	4	12
11579	4	12
11809	4	12
11958	4	13
11959	4	13
11960	4	13
12484	4	14
12525	4	14
12527	4	14
12530	4	14
12531	4	14
12532	4	14
12533	4	14
12540	4	14
12542	4	14
12546	4	14
12551	4	14
12552	4	14
12553	4	14
12554	4	14
12556	4	14
12608	4	14
12611	4	14
12612	4	14
13180	4	16
13412	4	16
13758	4	16
14129	4	17
14367	4	17
14842	4	18
15092	4	19
15093	4	19
15224	4	19
15389	4	19
15406	4	19
15495	4	20
15500	4	20
15507	4	20
15517	4	20
15523	4	20
15525	4	20
15526	4	20
15611	4	20
16000	4	22
16060	4	22
16323	4	X
16324	4	X
16345	4	X
16347	4	X
16348	4	X
16351	4	X
16389	4	X
16400	4	X
16412	4	X
16612	4	X
16624	4	X
16717	4	X
16973	4	X
17086	4	X
17126	4	X
17129	4	X
238	5	1
714	5	1
716	5	1
4410	5	4
4921	5	5
4922	5	5
4923	5	5
4924	5	5
4928	5	5
4935	5	5
4937	5	5
4938	5	5
4939	5	5
4940	5	5
4941	5	5
4944	5	5
4947	5	5
4948	5	5
4950	5	5
4951	5	5
4953	5	5
4955	5	5
4964	5	5
4982	5	5
4994	5	5
5003	5	5
5005	5	5
5007	5	5
5009	5	5
5011	5	5
5012	5	5
5013	5	5
5015	5	5
5016	5	5
5017	5	5
5018	5	5
5021	5	5
5022	5	5
5024	5	5
5027	5	5
5028	5	5
5029	5	5
5030	5	5
5031	5	5
5036	5	5
5038	5	5
5040	5	5
5053	5	5
5054	5	5
5057	5	5
5058	5	5
5059	5	5
5061	5	5
5062	5	5
5064	5	5
5066	5	5
5067	5	5
5075	5	5
5076	5	5
5077	5	5
5078	5	5
5079	5	5
5081	5	5
5082	5	5
5083	5	5
5085	5	5
5086	5	5
5087	5	5
5088	5	5
5090	5	5
5091	5	5
5093	5	5
5095	5	5
5096	5	5
5098	5	5
5100	5	5
5101	5	5
5103	5	5
5105	5	5
5140	5	5
5141	5	5
5165	5	5
5166	5	5
5168	5	5
5170	5	5
5172	5	5
5173	5	5
5175	5	5
5178	5	5
5179	5	5
5182	5	5
5419	5	5
5796	5	5
6778	5	6
8124	5	8
8126	5	8
8127	5	8
8130	5	8
8131	5	8
8132	5	8
8133	5	8
8134	5	8
8135	5	8
8136	5	8
8552	5	8
8553	5	8
8554	5	8
8555	5	8
8556	5	8
8559	5	8
8560	5	8
8561	5	8
8599	5	8
8738	5	8
9277	5	9
9735	5	10
9929	5	10
9939	5	10
9940	5	10
9956	5	10
10631	5	11
10642	5	11
11496	5	12
12645	5	14
12664	5	14
12665	5	14
13213	5	16
13963	5	17
13966	5	17
13969	5	17
13973	5	17
14073	5	17
14423	5	17
14425	5	17
14831	5	18
15552	5	20
15553	5	20
16033	5	22
16746	5	X
16759	5	X
17433	5	X
1053	6	1
1056	6	1
1059	6	1
1079	6	1
2837	6	3
2840	6	3
2845	6	3
2846	6	3
3186	6	3
3187	6	3
3222	6	3
3240	6	3
3241	6	3
3308	6	3
3680	6	3
4487	6	4
4497	6	4
4792	6	4
4989	6	5
5495	6	5
5500	6	5
5501	6	5
5509	6	5
5513	6	5
5514	6	5
5516	6	5
5517	6	5
5518	6	5
5520	6	5
5521	6	5
5523	6	5
5534	6	5
5535	6	5
5538	6	5
5540	6	5
5541	6	5
5542	6	5
5544	6	5
5545	6	5
5546	6	5
5548	6	5
5553	6	5
5554	6	5
5556	6	5
5557	6	5
5558	6	5
5562	6	5
5563	6	5
5566	6	5
5568	6	5
5569	6	5
5571	6	5
5576	6	5
5577	6	5
5579	6	5
5580	6	5
5582	6	5
5585	6	5
5586	6	5
5587	6	5
5589	6	5
5591	6	5
5592	6	5
5593	6	5
5594	6	5
5596	6	5
5599	6	5
5602	6	5
5606	6	5
5608	6	5
5610	6	5
5612	6	5
5614	6	5
5616	6	5
5617	6	5
5619	6	5
5623	6	5
5626	6	5
5628	6	5
5629	6	5
5630	6	5
5631	6	5
5632	6	5
5634	6	5
5635	6	5
5636	6	5
5637	6	5
5639	6	5
5646	6	5
5647	6	5
5648	6	5
5649	6	5
5652	6	5
5653	6	5
5655	6	5
5656	6	5
5657	6	5
5658	6	5
5661	6	5
5663	6	5
5664	6	5
5666	6	5
5674	6	5
5690	6	5
5691	6	5
5695	6	5
5741	6	5
5748	6	5
5749	6	5
5750	6	5
5751	6	5
5753	6	5
5756	6	5
5758	6	5
5759	6	5
5760	6	5
5766	6	5
5768	6	5
5769	6	5
5770	6	5
5771	6	5
5773	6	5
5774	6	5
5778	6	5
5779	6	5
5781	6	5
5782	6	5
5786	6	5
5787	6	5
5788	6	5
5789	6	5
5791	6	5
5792	6	5
5793	6	5
5799	6	5
5801	6	5
5802	6	5
5803	6	5
5807	6	5
5808	6	5
5810	6	5
5811	6	5
5814	6	5
5815	6	5
5816	6	5
5817	6	5
5819	6	5
5820	6	5
5824	6	5
5827	6	5
5828	6	5
5829	6	5
5834	6	5
5835	6	5
5838	6	5
5839	6	5
5841	6	5
5842	6	5
5843	6	5
5847	6	5
5850	6	5
5851	6	5
5852	6	5
5853	6	5
5855	6	5
5856	6	5
5858	6	5
5860	6	5
5861	6	5
5862	6	5
5866	6	5
5868	6	5
5869	6	5
5870	6	5
5872	6	5
5873	6	5
5874	6	5
5879	6	5
5882	6	5
5883	6	5
5884	6	5
5885	6	5
5887	6	5
5889	6	5
5890	6	5
5918	6	5
8576	6	8
8702	6	8
8708	6	8
10343	6	11
10345	6	11
10393	6	11
10977	6	11
10979	6	11
10981	6	11
10983	6	11
11053	6	12
11331	6	12
12072	6	13
12623	6	14
12723	6	15
12725	6	15
12735	6	15
12741	6	15
12742	6	15
12743	6	15
12744	6	15
13066	6	15
13122	6	15
13123	6	15
13127	6	15
13162	6	15
14251	6	17
14479	6	17
14546	6	18
14561	6	18
16253	6	X
16255	6	X
16257	6	X
16470	6	X
16600	6	X
16674	6	X
16676	6	X
881	7	1
1159	7	1
1163	7	1
1165	7	1
1166	7	1
1264	7	1
1267	7	1
1491	7	2
1723	7	2
2360	7	2
2362	7	2
3415	7	3
3418	7	3
3424	7	3
3503	7	3
4451	7	4
4687	7	4
5152	7	5
5176	7	5
5203	7	5
5204	7	5
5207	7	5
5209	7	5
5210	7	5
5213	7	5
5214	7	5
5215	7	5
5216	7	5
5217	7	5
5219	7	5
5220	7	5
5221	7	5
5224	7	5
5226	7	5
5230	7	5
5232	7	5
5233	7	5
5234	7	5
5248	7	5
5249	7	5
5253	7	5
5254	7	5
5257	7	5
5258	7	5
5261	7	5
5263	7	5
5264	7	5
5265	7	5
5276	7	5
5279	7	5
5282	7	5
5326	7	5
5327	7	5
5330	7	5
5331	7	5
5332	7	5
5334	7	5
5335	7	5
5336	7	5
5337	7	5
5357	7	5
5358	7	5
5360	7	5
5361	7	5
5362	7	5
5364	7	5
5365	7	5
5368	7	5
5371	7	5
5373	7	5
5376	7	5
5377	7	5
5382	7	5
5384	7	5
5385	7	5
5387	7	5
5391	7	5
5394	7	5
5397	7	5
5399	7	5
5400	7	5
5401	7	5
5402	7	5
5403	7	5
5405	7	5
5406	7	5
5408	7	5
5410	7	5
5413	7	5
5414	7	5
5416	7	5
5420	7	5
5422	7	5
5423	7	5
5426	7	5
5428	7	5
5429	7	5
5430	7	5
5436	7	5
5437	7	5
5438	7	5
5440	7	5
5442	7	5
5446	7	5
5447	7	5
5448	7	5
5451	7	5
5452	7	5
5454	7	5
5455	7	5
5458	7	5
5460	7	5
5461	7	5
5462	7	5
5463	7	5
5464	7	5
5466	7	5
5467	7	5
5471	7	5
5472	7	5
5474	7	5
5476	7	5
5477	7	5
5492	7	5
5494	7	5
6152	7	6
6154	7	6
6157	7	6
6568	7	6
6862	7	6
6863	7	6
6865	7	6
6867	7	6
6916	7	7
6920	7	7
6922	7	7
6936	7	7
7510	7	7
7512	7	7
7513	7	7
8061	7	8
8286	7	8
8287	7	8
8331	7	8
8337	7	8
8341	7	8
8633	7	8
8647	7	8
8648	7	8
8653	7	8
8686	7	8
8687	7	8
8688	7	8
8689	7	8
8690	7	8
8698	7	8
8699	7	8
8701	7	8
9422	7	9
9425	7	9
9426	7	9
9439	7	9
9450	7	9
9452	7	9
9454	7	9
9456	7	9
9457	7	9
9461	7	9
10280	7	11
10361	7	11
11151	7	12
11152	7	12
11154	7	12
11155	7	12
11156	7	12
11157	7	12
11159	7	12
11164	7	12
11165	7	12
11166	7	12
11173	7	12
11174	7	12
11175	7	12
11176	7	12
11178	7	12
11179	7	12
11181	7	12
11187	7	12
11657	7	12
11658	7	12
11711	7	12
11784	7	12
12047	7	13
13027	7	15
13209	7	16
13211	7	16
13285	7	16
13454	7	16
13674	7	16
13682	7	16
13685	7	16
13687	7	16
13841	7	16
13843	7	16
13847	7	16
14160	7	17
14163	7	17
14190	7	17
14699	7	18
14700	7	18
15412	7	19
16114	7	22
16265	7	X
16266	7	X
16360	7	X
16364	7	X
16805	7	X
16813	7	X
16815	7	X
16943	7	X
17077	7	X
17078	7	X
17080	7	X
17081	7	X
17082	7	X
17083	7	X
17085	7	X
17088	7	X
17089	7	X
17092	7	X
17094	7	X
17095	7	X
17096	7	X
17613	7	X
17616	7	X
218	8	1
223	8	1
344	8	1
348	8	1
350	8	1
453	8	1
512	8	1
687	8	1
833	8	1
1145	8	1
1239	8	1
1259	8	1
1643	8	2
2738	8	2
2741	8	2
2745	8	2
3034	8	3
3139	8	3
3140	8	3
3228	8	3
3230	8	3
3239	8	3
4010	8	4
4012	8	4
4014	8	4
4018	8	4
4019	8	4
4020	8	4
4021	8	4
4025	8	4
4142	8	4
4478	8	4
4803	8	4
4892	8	5
6080	8	6
6081	8	6
6083	8	6
6143	8	6
6147	8	6
6149	8	6
6160	8	6
6169	8	6
6170	8	6
6173	8	6
6174	8	6
6175	8	6
6178	8	6
6183	8	6
6184	8	6
6195	8	6
6202	8	6
6205	8	6
6207	8	6
6208	8	6
6210	8	6
6211	8	6
6212	8	6
6213	8	6
6214	8	6
6215	8	6
6216	8	6
6220	8	6
6221	8	6
6222	8	6
6223	8	6
6225	8	6
6227	8	6
6228	8	6
6229	8	6
6230	8	6
6232	8	6
6233	8	6
6236	8	6
6237	8	6
6238	8	6
6239	8	6
6241	8	6
6243	8	6
6244	8	6
6245	8	6
6246	8	6
6249	8	6
6250	8	6
6255	8	6
6257	8	6
6260	8	6
6262	8	6
6314	8	6
6315	8	6
6316	8	6
6323	8	6
6329	8	6
6332	8	6
6338	8	6
6340	8	6
6341	8	6
6342	8	6
6346	8	6
6348	8	6
6349	8	6
6350	8	6
6356	8	6
6357	8	6
6358	8	6
6360	8	6
6361	8	6
6368	8	6
6370	8	6
6371	8	6
6373	8	6
6376	8	6
6377	8	6
6378	8	6
6379	8	6
6380	8	6
6382	8	6
6383	8	6
6385	8	6
6386	8	6
6388	8	6
6401	8	6
6403	8	6
6408	8	6
6420	8	6
6421	8	6
6439	8	6
6445	8	6
6450	8	6
6451	8	6
6453	8	6
6458	8	6
6466	8	6
6475	8	6
6476	8	6
6480	8	6
6481	8	6
6482	8	6
6485	8	6
6486	8	6
6489	8	6
6490	8	6
6491	8	6
6492	8	6
6493	8	6
6494	8	6
6496	8	6
6499	8	6
6512	8	6
6523	8	6
6527	8	6
6534	8	6
6536	8	6
6537	8	6
6540	8	6
6541	8	6
6542	8	6
6543	8	6
6544	8	6
6545	8	6
6547	8	6
6548	8	6
6550	8	6
6552	8	6
6554	8	6
6555	8	6
6556	8	6
6557	8	6
6561	8	6
6562	8	6
6564	8	6
6567	8	6
6569	8	6
6570	8	6
6571	8	6
6572	8	6
6573	8	6
6575	8	6
6579	8	6
6580	8	6
6581	8	6
6582	8	6
6584	8	6
6586	8	6
6589	8	6
6595	8	6
6596	8	6
6597	8	6
6598	8	6
6601	8	6
6602	8	6
6604	8	6
6607	8	6
6608	8	6
6609	8	6
6610	8	6
6611	8	6
6612	8	6
6625	8	6
6641	8	6
6643	8	6
6645	8	6
6646	8	6
6647	8	6
6653	8	6
6654	8	6
6655	8	6
6659	8	6
6662	8	6
6663	8	6
6664	8	6
6667	8	6
6669	8	6
6670	8	6
6671	8	6
6685	8	6
6686	8	6
6687	8	6
6688	8	6
6689	8	6
6692	8	6
6695	8	6
6697	8	6
6699	8	6
6700	8	6
6701	8	6
6702	8	6
6703	8	6
6705	8	6
6709	8	6
6715	8	6
6717	8	6
6719	8	6
6721	8	6
6722	8	6
6724	8	6
6726	8	6
6729	8	6
6731	8	6
6733	8	6
6735	8	6
6737	8	6
6738	8	6
6741	8	6
6743	8	6
6748	8	6
6749	8	6
6751	8	6
6752	8	6
6753	8	6
6755	8	6
6756	8	6
6758	8	6
6759	8	6
6760	8	6
6762	8	6
6763	8	6
6765	8	6
6767	8	6
6769	8	6
6770	8	6
6779	8	6
6781	8	6
6782	8	6
6783	8	6
6784	8	6
6786	8	6
6787	8	6
6788	8	6
6789	8	6
6790	8	6
6793	8	6
6795	8	6
6796	8	6
6797	8	6
6798	8	6
6800	8	6
6802	8	6
6806	8	6
6807	8	6
6808	8	6
6813	8	6
6815	8	6
6818	8	6
6819	8	6
6820	8	6
6821	8	6
6822	8	6
6825	8	6
6826	8	6
6827	8	6
6828	8	6
6830	8	6
6833	8	6
6834	8	6
6835	8	6
6836	8	6
6837	8	6
6838	8	6
6839	8	6
6841	8	6
6845	8	6
6848	8	6
6850	8	6
6852	8	6
6854	8	6
6856	8	6
6858	8	6
6874	8	6
6875	8	6
6877	8	6
6878	8	6
6879	8	6
6880	8	6
6881	8	6
6883	8	6
6885	8	6
6888	8	6
7143	8	7
7375	8	7
7452	8	7
7681	8	7
7684	8	7
7768	8	7
8137	8	8
8460	8	8
8463	8	8
8465	8	8
8979	8	9
8985	8	9
8987	8	9
9251	8	9
9802	8	10
10123	8	10
10124	8	10
10155	8	10
10487	8	11
10567	8	11
10577	8	11
10649	8	11
10711	8	11
11017	8	11
11019	8	11
11422	8	12
11425	8	12
11539	8	12
11542	8	12
11543	8	12
11719	8	12
11720	8	12
12131	8	13
12133	8	13
12134	8	13
12135	8	13
12136	8	13
12137	8	13
12138	8	13
12442	8	14
12444	8	14
12446	8	14
12538	8	14
12831	8	15
12832	8	15
12833	8	15
13424	8	16
13425	8	16
13434	8	16
13575	8	16
13899	8	17
13902	8	17
14213	8	17
14218	8	17
14733	8	18
14737	8	18
14809	8	18
14814	8	18
14835	8	18
14976	8	19
15051	8	19
15130	8	19
15132	8	19
15665	8	20
15671	8	20
15966	8	22
16137	8	22
16276	8	X
16331	8	X
16336	8	X
16366	8	X
16368	8	X
16369	8	X
16371	8	X
16372	8	X
16445	8	X
16466	8	X
16683	8	X
16686	8	X
16711	8	X
16745	8	X
16767	8	X
17003	8	X
17016	8	X
17017	8	X
17018	8	X
17204	8	X
17212	8	X
17213	8	X
17215	8	X
17216	8	X
17218	8	X
17224	8	X
17519	8	X
17649	8	X
46	9	1
47	9	1
372	9	1
949	9	1
2199	9	2
2200	9	2
2670	9	2
2852	9	3
3260	9	3
3630	9	3
3823	9	3
3902	9	4
4036	9	4
4414	9	4
4678	9	4
4679	9	4
4681	9	4
4682	9	4
5006	9	5
5008	9	5
5063	9	5
5110	9	5
5128	9	5
5129	9	5
5133	9	5
6111	9	6
6196	9	6
6197	9	6
6199	9	6
6354	9	6
6425	9	6
6873	9	6
6925	9	7
6988	9	7
6989	9	7
6990	9	7
6993	9	7
6994	9	7
6995	9	7
6998	9	7
7000	9	7
7001	9	7
7002	9	7
7003	9	7
7006	9	7
7007	9	7
7009	9	7
7012	9	7
7014	9	7
7017	9	7
7018	9	7
7020	9	7
7021	9	7
7022	9	7
7028	9	7
7029	9	7
7030	9	7
7031	9	7
7032	9	7
7033	9	7
7034	9	7
7043	9	7
7044	9	7
7045	9	7
7059	9	7
7060	9	7
7061	9	7
7062	9	7
7066	9	7
7070	9	7
7074	9	7
7075	9	7
7078	9	7
7079	9	7
7081	9	7
7082	9	7
7083	9	7
7084	9	7
7086	9	7
7103	9	7
7104	9	7
7105	9	7
7106	9	7
7107	9	7
7109	9	7
7111	9	7
7112	9	7
7113	9	7
7126	9	7
7127	9	7
7128	9	7
7133	9	7
7135	9	7
7136	9	7
7137	9	7
7139	9	7
7144	9	7
7145	9	7
7148	9	7
7150	9	7
7152	9	7
7154	9	7
7177	9	7
7178	9	7
7179	9	7
7180	9	7
7181	9	7
7183	9	7
7188	9	7
7189	9	7
7190	9	7
7191	9	7
7193	9	7
7194	9	7
7195	9	7
7197	9	7
7199	9	7
7202	9	7
7203	9	7
7205	9	7
7206	9	7
7208	9	7
7209	9	7
7211	9	7
7212	9	7
7345	9	7
7492	9	7
7493	9	7
7494	9	7
7496	9	7
7500	9	7
7501	9	7
7515	9	7
7517	9	7
7518	9	7
7519	9	7
7524	9	7
7525	9	7
7530	9	7
7533	9	7
7535	9	7
7537	9	7
7538	9	7
7539	9	7
7540	9	7
7542	9	7
7543	9	7
7547	9	7
7553	9	7
7554	9	7
7555	9	7
7556	9	7
7557	9	7
7563	9	7
7565	9	7
7566	9	7
7567	9	7
7569	9	7
7571	9	7
7572	9	7
7574	9	7
7575	9	7
7576	9	7
7577	9	7
7581	9	7
7582	9	7
7584	9	7
7603	9	7
7627	9	7
7655	9	7
7656	9	7
7657	9	7
7658	9	7
7661	9	7
7663	9	7
7664	9	7
7666	9	7
7674	9	7
7675	9	7
7676	9	7
7677	9	7
7687	9	7
7688	9	7
7690	9	7
7692	9	7
7693	9	7
7695	9	7
7698	9	7
7702	9	7
7704	9	7
7707	9	7
7709	9	7
7710	9	7
7711	9	7
7714	9	7
7715	9	7
7716	9	7
7717	9	7
7718	9	7
7723	9	7
7726	9	7
7727	9	7
7729	9	7
7732	9	7
7734	9	7
7736	9	7
7738	9	7
7740	9	7
7743	9	7
7745	9	7
7746	9	7
7747	9	7
7748	9	7
7749	9	7
7751	9	7
7754	9	7
7755	9	7
7756	9	7
7757	9	7
7758	9	7
7759	9	7
7760	9	7
7761	9	7
7763	9	7
7765	9	7
7766	9	7
7767	9	7
7786	9	7
7788	9	7
7790	9	7
7792	9	7
7794	9	7
7795	9	7
7796	9	7
7797	9	7
7798	9	7
7799	9	7
7800	9	7
7801	9	7
7802	9	7
7803	9	7
7808	9	7
7809	9	7
7810	9	7
7811	9	7
7812	9	7
7815	9	7
7816	9	7
7817	9	7
7818	9	7
7825	9	7
7828	9	7
7830	9	7
7831	9	7
7835	9	7
7836	9	7
7838	9	7
7878	9	7
7880	9	7
7882	9	7
7883	9	7
7884	9	7
7886	9	7
7888	9	7
7889	9	7
7890	9	7
7906	9	7
7907	9	7
7955	9	7
7956	9	7
7958	9	7
7959	9	7
7980	9	7
7981	9	7
7983	9	7
7984	9	7
7986	9	7
7987	9	7
7991	9	7
7995	9	7
8053	9	8
8278	9	8
8319	9	8
8361	9	8
8567	9	8
8574	9	8
9243	9	9
9428	9	9
9434	9	9
9522	9	10
9531	9	10
10718	9	11
11188	9	12
11231	9	12
11367	9	12
11368	9	12
11375	9	12
11377	9	12
11454	9	12
12068	9	13
12119	9	13
14254	9	17
14331	9	17
14441	9	17
14443	9	17
14445	9	17
14663	9	18
15265	9	19
15511	9	20
15851	9	21
15886	9	21
16106	9	22
16107	9	22
16154	9	22
16546	9	X
16584	9	X
16589	9	X
16743	9	X
17361	9	X
17603	9	X
17682	9	X
17685	9	X
18	10	1
19	10	1
518	10	1
1128	10	1
1498	10	2
1591	10	2
2215	10	2
2367	10	2
2441	10	2
2448	10	2
2455	10	2
2527	10	2
2528	10	2
2530	10	2
2533	10	2
2617	10	2
2621	10	2
2624	10	2
2626	10	2
2631	10	2
2695	10	2
2696	10	2
2697	10	2
2698	10	2
2706	10	2
2708	10	2
2749	10	2
2750	10	2
2752	10	2
2777	10	2
2778	10	2
2822	10	3
2836	10	3
2929	10	3
3367	10	3
3393	10	3
3394	10	3
3776	10	3
3781	10	3
3782	10	3
3788	10	3
3854	10	3
4131	10	4
4726	10	4
4727	10	4
5355	10	5
5681	10	5
5684	10	5
5939	10	5
5945	10	5
5949	10	5
5955	10	6
5993	10	6
6012	10	6
6013	10	6
6014	10	6
6018	10	6
6019	10	6
6020	10	6
6024	10	6
6026	10	6
6110	10	6
7046	10	7
7225	10	7
7622	10	7
8018	10	8
8030	10	8
8149	10	8
8150	10	8
8151	10	8
8152	10	8
8154	10	8
8155	10	8
8156	10	8
8158	10	8
8159	10	8
8163	10	8
8176	10	8
8177	10	8
8178	10	8
8179	10	8
8181	10	8
8182	10	8
8183	10	8
8193	10	8
8194	10	8
8195	10	8
8197	10	8
8198	10	8
8199	10	8
8200	10	8
8203	10	8
8204	10	8
8205	10	8
8206	10	8
8207	10	8
8209	10	8
8210	10	8
8213	10	8
8214	10	8
8222	10	8
8283	10	8
8289	10	8
8290	10	8
8291	10	8
8293	10	8
8294	10	8
8295	10	8
8297	10	8
8299	10	8
8300	10	8
8302	10	8
8305	10	8
8306	10	8
8307	10	8
8310	10	8
8311	10	8
8312	10	8
8315	10	8
8318	10	8
8321	10	8
8329	10	8
8333	10	8
8334	10	8
8336	10	8
8338	10	8
8340	10	8
8343	10	8
8345	10	8
8350	10	8
8351	10	8
8352	10	8
8353	10	8
8355	10	8
8356	10	8
8357	10	8
8359	10	8
8363	10	8
8364	10	8
8365	10	8
8366	10	8
8369	10	8
8370	10	8
8371	10	8
8372	10	8
8373	10	8
8376	10	8
8377	10	8
8380	10	8
8382	10	8
8383	10	8
8386	10	8
8387	10	8
8388	10	8
8389	10	8
8390	10	8
8392	10	8
8394	10	8
8395	10	8
8402	10	8
8403	10	8
8408	10	8
8411	10	8
8412	10	8
8413	10	8
8414	10	8
8415	10	8
8416	10	8
8417	10	8
8418	10	8
8419	10	8
8420	10	8
8421	10	8
8422	10	8
8423	10	8
8428	10	8
8432	10	8
8434	10	8
8435	10	8
8436	10	8
8438	10	8
8439	10	8
8441	10	8
8442	10	8
8445	10	8
8446	10	8
8447	10	8
8448	10	8
8449	10	8
8450	10	8
8459	10	8
8466	10	8
8467	10	8
8468	10	8
8470	10	8
8471	10	8
8472	10	8
8473	10	8
8475	10	8
8477	10	8
8480	10	8
8481	10	8
8486	10	8
8491	10	8
8499	10	8
8501	10	8
8502	10	8
8503	10	8
8504	10	8
8516	10	8
8517	10	8
8520	10	8
8521	10	8
8522	10	8
8524	10	8
8527	10	8
8530	10	8
8532	10	8
8533	10	8
8534	10	8
8537	10	8
8539	10	8
8541	10	8
8543	10	8
8547	10	8
8549	10	8
8568	10	8
8578	10	8
8579	10	8
8580	10	8
8581	10	8
8582	10	8
8583	10	8
8584	10	8
8585	10	8
8588	10	8
8590	10	8
8593	10	8
8594	10	8
8595	10	8
8596	10	8
8597	10	8
8598	10	8
8600	10	8
8601	10	8
8603	10	8
8604	10	8
8605	10	8
8606	10	8
8609	10	8
8610	10	8
8611	10	8
8612	10	8
8615	10	8
8616	10	8
8617	10	8
8618	10	8
8619	10	8
8621	10	8
8622	10	8
8623	10	8
8624	10	8
8625	10	8
8628	10	8
8631	10	8
8635	10	8
8636	10	8
8638	10	8
8640	10	8
8641	10	8
8642	10	8
8643	10	8
8645	10	8
8649	10	8
8657	10	8
8659	10	8
8660	10	8
8663	10	8
8665	10	8
8668	10	8
8669	10	8
8671	10	8
8675	10	8
8676	10	8
8678	10	8
8679	10	8
8712	10	8
8715	10	8
8716	10	8
8717	10	8
8718	10	8
8720	10	8
8722	10	8
8723	10	8
8724	10	8
8725	10	8
8726	10	8
8727	10	8
8728	10	8
8731	10	8
8732	10	8
8733	10	8
8735	10	8
8736	10	8
9110	10	9
9111	10	9
9114	10	9
9666	10	10
9905	10	10
9920	10	10
9922	10	10
9985	10	10
9986	10	10
9988	10	10
10229	10	11
10321	10	11
10730	10	11
10845	10	11
10984	10	11
11202	10	12
11203	10	12
11204	10	12
11208	10	12
11209	10	12
11212	10	12
11213	10	12
11214	10	12
11216	10	12
11217	10	12
11219	10	12
11220	10	12
11221	10	12
11223	10	12
11224	10	12
11225	10	12
11226	10	12
11228	10	12
11408	10	12
11670	10	12
11672	10	12
11693	10	12
11697	10	12
12238	10	14
12242	10	14
12345	10	14
13161	10	15
13207	10	16
13609	10	16
13611	10	16
13612	10	16
13613	10	16
13614	10	16
13948	10	17
14521	10	17
14686	10	18
14689	10	18
14690	10	18
14691	10	18
14692	10	18
14878	10	19
14888	10	19
14890	10	19
15082	10	19
15196	10	19
15589	10	20
16093	10	22
16110	10	22
16113	10	22
16267	10	X
16269	10	X
16271	10	X
16283	10	X
16286	10	X
16314	10	X
16317	10	X
16483	10	X
16888	10	X
17357	10	X
17376	10	X
17460	10	X
17489	10	X
17503	10	X
129	11	1
327	11	1
328	11	1
974	11	1
975	11	1
977	11	1
979	11	1
982	11	1
983	11	1
997	11	1
1109	11	1
1352	11	1
1485	11	2
2457	11	2
2995	11	3
3107	11	3
4156	11	4
4162	11	4
6622	11	6
6624	11	6
7162	11	7
7282	11	7
7283	11	7
7284	11	7
7285	11	7
7286	11	7
7316	11	7
7548	11	7
7549	11	7
8613	11	8
8630	11	8
8764	11	9
8773	11	9
8775	11	9
8776	11	9
8777	11	9
8779	11	9
8781	11	9
8784	11	9
8785	11	9
8787	11	9
8788	11	9
8791	11	9
8795	11	9
8797	11	9
8804	11	9
8807	11	9
8808	11	9
8809	11	9
8810	11	9
8811	11	9
8814	11	9
8815	11	9
8816	11	9
8818	11	9
8819	11	9
8820	11	9
8825	11	9
8829	11	9
8831	11	9
8833	11	9
8834	11	9
8835	11	9
8837	11	9
8838	11	9
8842	11	9
8850	11	9
8853	11	9
8857	11	9
8859	11	9
8860	11	9
8861	11	9
8862	11	9
8863	11	9
8866	11	9
8870	11	9
8873	11	9
8874	11	9
8877	11	9
8878	11	9
8879	11	9
8880	11	9
8882	11	9
8884	11	9
8887	11	9
8891	11	9
8892	11	9
8893	11	9
8896	11	9
8897	11	9
8898	11	9
8899	11	9
8902	11	9
8906	11	9
8908	11	9
8910	11	9
8911	11	9
8912	11	9
8913	11	9
8914	11	9
8915	11	9
8916	11	9
8917	11	9
8922	11	9
8923	11	9
8924	11	9
8925	11	9
8926	11	9
8927	11	9
8928	11	9
8929	11	9
8931	11	9
8932	11	9
8934	11	9
8939	11	9
8946	11	9
8947	11	9
9128	11	9
9445	11	9
9547	11	10
9548	11	10
9549	11	10
9553	11	10
9554	11	10
9555	11	10
9557	11	10
9558	11	10
9561	11	10
9704	11	10
9731	11	10
10416	11	11
10913	11	11
10920	11	11
10921	11	11
10926	11	11
10928	11	11
10929	11	11
10931	11	11
10933	11	11
10934	11	11
10935	11	11
10936	11	11
10937	11	11
10939	11	11
10954	11	11
10965	11	11
10966	11	11
10969	11	11
11332	11	12
11572	11	12
12264	11	14
12417	11	14
12642	11	14
12646	11	14
12647	11	14
12649	11	14
12650	11	14
13615	11	16
13616	11	16
13829	11	16
13831	11	16
13833	11	16
13836	11	16
14259	11	17
14403	11	17
14409	11	17
14598	11	18
14775	11	18
14776	11	18
14779	11	18
15402	11	19
15908	11	21
15913	11	21
15916	11	21
15936	11	21
16423	11	X
16509	11	X
16531	11	X
16626	11	X
16663	11	X
16982	11	X
17411	11	X
214	12	1
252	12	1
253	12	1
254	12	1
255	12	1
257	12	1
688	12	1
1002	12	1
1029	12	1
1030	12	1
1037	12	1
1202	12	1
1203	12	1
1273	12	1
3036	12	3
3086	12	3
3316	12	3
4086	12	4
4088	12	4
4092	12	4
5475	12	5
6324	12	6
6326	12	6
8058	12	8
8059	12	8
8060	12	8
8062	12	8
8063	12	8
8064	12	8
8065	12	8
8068	12	8
8069	12	8
8071	12	8
8074	12	8
8075	12	8
8658	12	8
8827	12	9
8828	12	9
8858	12	9
9106	12	9
9107	12	9
9174	12	9
9175	12	9
9178	12	9
9179	12	9
9183	12	9
9205	12	9
9208	12	9
9209	12	9
9213	12	9
9220	12	9
9221	12	9
9223	12	9
9228	12	9
9241	12	9
9245	12	9
9270	12	9
9271	12	9
9275	12	9
9292	12	9
9293	12	9
9297	12	9
9299	12	9
9300	12	9
9303	12	9
9304	12	9
9306	12	9
9308	12	9
9310	12	9
9312	12	9
9316	12	9
9319	12	9
9320	12	9
9323	12	9
9325	12	9
9327	12	9
9328	12	9
9329	12	9
9332	12	9
9333	12	9
9334	12	9
9335	12	9
9339	12	9
9341	12	9
9342	12	9
9343	12	9
9344	12	9
9349	12	9
9352	12	9
9356	12	9
9357	12	9
9359	12	9
9360	12	9
9363	12	9
9364	12	9
9366	12	9
9367	12	9
9368	12	9
9369	12	9
9372	12	9
9374	12	9
9379	12	9
9380	12	9
9383	12	9
9384	12	9
9393	12	9
9394	12	9
9396	12	9
9406	12	9
9442	12	9
9444	12	9
9448	12	9
9463	12	9
10943	12	11
10944	12	11
10945	12	11
10947	12	11
10950	12	11
11122	12	12
11762	12	12
11806	12	12
11818	12	12
12069	12	13
12594	12	14
12595	12	14
12598	12	14
13355	12	16
13885	12	17
14491	12	17
14766	12	18
14927	12	19
14932	12	19
14934	12	19
15103	12	19
15245	12	19
15247	12	19
15248	12	19
15250	12	19
15252	12	19
15256	12	19
15259	12	19
15335	12	19
15409	12	19
15484	12	19
15634	12	20
15637	12	20
16675	12	X
16722	12	X
16738	12	X
16751	12	X
16886	12	X
16893	12	X
16961	12	X
16981	12	X
16983	12	X
16988	12	X
16995	12	X
17000	12	X
17008	12	X
17010	12	X
17012	12	X
17013	12	X
17022	12	X
17024	12	X
17026	12	X
17038	12	X
17197	12	X
17203	12	X
17333	12	X
17335	12	X
17340	12	X
17345	12	X
17358	12	X
17359	12	X
17468	12	X
17564	12	X
675	13	1
863	13	1
874	13	1
878	13	1
1960	13	2
2005	13	2
2007	13	2
2009	13	2
6108	13	6
6109	13	6
7023	13	7
7025	13	7
7643	13	7
8164	13	8
8166	13	8
8168	13	8
8169	13	8
8170	13	8
8171	13	8
8172	13	8
8221	13	8
8429	13	8
8710	13	8
8711	13	8
9214	13	9
9215	13	9
9472	13	10
9484	13	10
9491	13	10
9495	13	10
9497	13	10
9500	13	10
9504	13	10
9508	13	10
9509	13	10
9511	13	10
9512	13	10
9513	13	10
9515	13	10
9516	13	10
9520	13	10
9528	13	10
9530	13	10
9563	13	10
9564	13	10
9565	13	10
9566	13	10
9569	13	10
9575	13	10
9576	13	10
9577	13	10
9579	13	10
9580	13	10
9581	13	10
9582	13	10
9583	13	10
9584	13	10
9586	13	10
9587	13	10
9588	13	10
9589	13	10
9590	13	10
9593	13	10
9594	13	10
9597	13	10
9599	13	10
9600	13	10
9601	13	10
9604	13	10
9606	13	10
9608	13	10
9610	13	10
9612	13	10
9614	13	10
9617	13	10
9619	13	10
9621	13	10
9623	13	10
9625	13	10
9627	13	10
9630	13	10
9633	13	10
9634	13	10
9635	13	10
9638	13	10
9640	13	10
9644	13	10
9646	13	10
9648	13	10
9651	13	10
9652	13	10
9653	13	10
10742	13	11
10743	13	11
10961	13	11
11293	13	12
12055	13	13
12103	13	13
12359	13	14
12629	13	14
12637	13	14
12934	13	15
12938	13	15
14646	13	18
14648	13	18
14649	13	18
14651	13	18
14652	13	18
14653	13	18
14654	13	18
14656	13	18
14657	13	18
14661	13	18
14664	13	18
14665	13	18
14666	13	18
14668	13	18
14669	13	18
14671	13	18
14672	13	18
14673	13	18
14674	13	18
14675	13	18
14676	13	18
14677	13	18
14678	13	18
14688	13	18
14701	13	18
14706	13	18
14707	13	18
14709	13	18
14711	13	18
14712	13	18
14713	13	18
14714	13	18
14716	13	18
14717	13	18
14718	13	18
14720	13	18
14721	13	18
14724	13	18
14725	13	18
14726	13	18
14727	13	18
14732	13	18
15422	13	19
15423	13	19
15782	13	20
15785	13	20
122	14	1
392	14	1
440	14	1
459	14	1
747	14	1
1277	14	1
1710	14	2
1712	14	2
1713	14	2
1714	14	2
2208	14	2
2396	14	2
2399	14	2
2723	14	2
2724	14	2
2725	14	2
3451	14	3
3454	14	3
3747	14	3
3748	14	3
3750	14	3
4701	14	4
4747	14	4
5162	14	5
5507	14	5
5936	14	5
6009	14	6
6500	14	6
6510	14	6
7168	14	7
7937	14	7
8451	14	8
8453	14	8
8456	14	8
8680	14	8
8682	14	8
8684	14	8
8849	14	9
9185	14	9
9534	14	10
9541	14	10
9545	14	10
9567	14	10
9592	14	10
9660	14	10
9661	14	10
9662	14	10
9663	14	10
9665	14	10
9669	14	10
9728	14	10
9734	14	10
9745	14	10
9794	14	10
9818	14	10
9819	14	10
9820	14	10
9821	14	10
9822	14	10
9823	14	10
9826	14	10
9827	14	10
9828	14	10
9829	14	10
9830	14	10
9831	14	10
9832	14	10
9833	14	10
9835	14	10
9838	14	10
9839	14	10
9840	14	10
9841	14	10
9843	14	10
9845	14	10
9847	14	10
9848	14	10
9849	14	10
9850	14	10
9852	14	10
9853	14	10
9855	14	10
9856	14	10
9857	14	10
9858	14	10
9860	14	10
9861	14	10
9863	14	10
9865	14	10
9866	14	10
9868	14	10
9869	14	10
9870	14	10
9871	14	10
9873	14	10
9874	14	10
9875	14	10
9885	14	10
9890	14	10
9893	14	10
9894	14	10
9895	14	10
9896	14	10
9918	14	10
9925	14	10
9927	14	10
9931	14	10
9934	14	10
9957	14	10
9961	14	10
9965	14	10
9966	14	10
9967	14	10
9968	14	10
9970	14	10
9971	14	10
9972	14	10
9973	14	10
9974	14	10
9981	14	10
9982	14	10
9983	14	10
10003	14	10
10004	14	10
10005	14	10
10006	14	10
10007	14	10
10008	14	10
10009	14	10
10010	14	10
10011	14	10
10016	14	10
10017	14	10
10032	14	10
10049	14	10
10051	14	10
10057	14	10
10060	14	10
10061	14	10
10064	14	10
10066	14	10
10068	14	10
10070	14	10
10071	14	10
10087	14	10
10088	14	10
10090	14	10
10094	14	10
10095	14	10
10097	14	10
10098	14	10
10099	14	10
10100	14	10
10101	14	10
10103	14	10
10105	14	10
10107	14	10
10108	14	10
10109	14	10
10110	14	10
10111	14	10
10112	14	10
10113	14	10
10114	14	10
10115	14	10
10116	14	10
10118	14	10
10121	14	10
10125	14	10
10127	14	10
10128	14	10
10131	14	10
10132	14	10
10133	14	10
10134	14	10
10136	14	10
10138	14	10
10140	14	10
10141	14	10
10143	14	10
10144	14	10
10146	14	10
10148	14	10
10149	14	10
10150	14	10
10151	14	10
10153	14	10
10156	14	10
10158	14	10
10159	14	10
10161	14	10
10162	14	10
10163	14	10
10164	14	10
10168	14	10
10169	14	10
10172	14	10
10173	14	10
10175	14	10
10176	14	10
10177	14	10
10178	14	10
10179	14	10
10181	14	10
10184	14	10
10185	14	10
10212	14	11
10781	14	11
10846	14	11
11638	14	12
11640	14	12
11968	14	13
11974	14	13
12168	14	13
13037	14	15
13039	14	15
13112	14	15
13114	14	15
13116	14	15
13134	14	15
13136	14	15
13139	14	15
13140	14	15
13141	14	15
13146	14	15
13147	14	15
13148	14	15
13150	14	15
13153	14	15
13158	14	15
13789	14	16
13924	14	17
14145	14	17
14147	14	17
14347	14	17
14349	14	17
15367	14	19
15370	14	19
15669	14	20
16417	14	X
16508	14	X
16512	14	X
16803	14	X
17338	14	X
17428	14	X
17430	14	X
16	15	1
24	15	1
26	15	1
27	15	1
269	15	1
275	15	1
279	15	1
280	15	1
281	15	1
282	15	1
286	15	1
288	15	1
290	15	1
294	15	1
295	15	1
299	15	1
304	15	1
901	15	1
2674	15	2
2675	15	2
2676	15	2
2677	15	2
2678	15	2
2679	15	2
2681	15	2
2683	15	2
2685	15	2
2686	15	2
2688	15	2
2690	15	2
2692	15	2
2693	15	2
2694	15	2
2726	15	2
2732	15	2
2733	15	2
2734	15	2
3022	15	3
3065	15	3
3069	15	3
3070	15	3
3074	15	3
3137	15	3
4126	15	4
4127	15	4
5388	15	5
5390	15	5
5508	15	5
5598	15	5
6318	15	6
6320	15	6
7155	15	7
7156	15	7
7157	15	7
7159	15	7
7160	15	7
7998	15	7
8572	15	8
8573	15	8
8966	15	9
10186	15	10
10190	15	10
10281	15	11
10283	15	11
10284	15	11
11016	15	11
11080	15	12
11083	15	12
11098	15	12
11245	15	12
11247	15	12
11329	15	12
11333	15	12
11352	15	12
11354	15	12
11356	15	12
11357	15	12
12180	15	13
12181	15	13
12183	15	13
12188	15	13
12189	15	13
12190	15	13
12191	15	13
12194	15	13
13475	15	16
14240	15	17
14241	15	17
14369	15	17
14378	15	17
14381	15	17
14424	15	17
14470	15	17
14477	15	17
14478	15	17
15332	15	19
15345	15	19
15707	15	20
15715	15	20
15723	15	20
15724	15	20
15726	15	20
15728	15	20
15734	15	20
15740	15	20
15746	15	20
15747	15	20
15748	15	20
15755	15	20
15760	15	20
15763	15	20
15764	15	20
15768	15	20
15769	15	20
15772	15	20
15773	15	20
15776	15	20
15777	15	20
15780	15	20
16179	15	22
16458	15	X
16920	15	X
17191	15	X
17253	15	X
102	16	1
105	16	1
177	16	1
1727	16	2
1728	16	2
2152	16	2
2153	16	2
2159	16	2
2379	16	2
2754	16	2
2755	16	2
3027	16	3
3030	16	3
3345	16	3
4024	16	4
5678	16	5
5680	16	5
6058	16	6
6059	16	6
6061	16	6
6065	16	6
6362	16	6
7503	16	7
7608	16	7
7610	16	7
7648	16	7
9229	16	9
9231	16	9
9521	16	10
9523	16	10
10022	16	10
10285	16	11
10290	16	11
10295	16	11
10297	16	11
10298	16	11
10300	16	11
10302	16	11
10303	16	11
10305	16	11
10306	16	11
10309	16	11
10311	16	11
10312	16	11
10313	16	11
10324	16	11
10325	16	11
10328	16	11
10330	16	11
10332	16	11
10335	16	11
10337	16	11
10339	16	11
10340	16	11
10342	16	11
10347	16	11
10348	16	11
10349	16	11
10351	16	11
10352	16	11
10355	16	11
10359	16	11
10360	16	11
10365	16	11
10367	16	11
10370	16	11
10371	16	11
10372	16	11
10373	16	11
10376	16	11
10377	16	11
10379	16	11
10380	16	11
10381	16	11
10382	16	11
10384	16	11
10386	16	11
10387	16	11
10388	16	11
10390	16	11
10392	16	11
10395	16	11
10396	16	11
10397	16	11
10400	16	11
10402	16	11
10403	16	11
10411	16	11
10422	16	11
10424	16	11
10426	16	11
10430	16	11
10435	16	11
10437	16	11
10438	16	11
10439	16	11
10440	16	11
10442	16	11
10444	16	11
10445	16	11
10447	16	11
10448	16	11
10456	16	11
10457	16	11
10458	16	11
10459	16	11
10461	16	11
10465	16	11
10466	16	11
10470	16	11
10471	16	11
10474	16	11
10478	16	11
10479	16	11
10482	16	11
10483	16	11
10486	16	11
10499	16	11
10504	16	11
10505	16	11
10555	16	11
10560	16	11
10564	16	11
10566	16	11
10568	16	11
10570	16	11
10574	16	11
10575	16	11
10582	16	11
10587	16	11
10588	16	11
10592	16	11
10597	16	11
10598	16	11
10599	16	11
10600	16	11
10603	16	11
10604	16	11
10614	16	11
10616	16	11
10618	16	11
10621	16	11
10651	16	11
10653	16	11
10658	16	11
10661	16	11
10666	16	11
10687	16	11
10691	16	11
10692	16	11
10696	16	11
10713	16	11
10715	16	11
10716	16	11
10719	16	11
10720	16	11
10721	16	11
10723	16	11
10724	16	11
10726	16	11
10728	16	11
11025	16	11
11050	16	12
11052	16	12
11057	16	12
11059	16	12
11060	16	12
11061	16	12
11062	16	12
11063	16	12
11064	16	12
11065	16	12
11260	16	12
11263	16	12
11326	16	12
11535	16	12
11749	16	12
11760	16	12
11765	16	12
12307	16	14
14223	16	17
15342	16	19
15343	16	19
16011	16	22
16099	16	22
16278	16	X
16279	16	X
16280	16	X
16469	16	X
16660	16	X
17103	16	X
17219	16	X
17220	16	X
17329	16	X
4	17	1
61	17	1
908	17	1
1938	17	2
2720	17	2
2721	17	2
2722	17	2
3596	17	3
7731	17	7
8223	17	8
8276	17	8
8996	17	9
8999	17	9
9289	17	9
9720	17	10
9837	17	10
10517	17	11
10745	17	11
10746	17	11
10749	17	11
10750	17	11
10751	17	11
10753	17	11
10754	17	11
10756	17	11
10757	17	11
10758	17	11
10759	17	11
10760	17	11
10768	17	11
10769	17	11
10771	17	11
10772	17	11
10773	17	11
10774	17	11
10776	17	11
10777	17	11
10784	17	11
10786	17	11
10787	17	11
10797	17	11
10831	17	11
10832	17	11
10833	17	11
10834	17	11
10835	17	11
10837	17	11
10838	17	11
10839	17	11
10842	17	11
10843	17	11
10844	17	11
10860	17	11
10861	17	11
10862	17	11
10863	17	11
10865	17	11
10866	17	11
10867	17	11
10868	17	11
10869	17	11
10872	17	11
10873	17	11
10874	17	11
10875	17	11
10877	17	11
10883	17	11
10884	17	11
10888	17	11
10889	17	11
10890	17	11
10892	17	11
10893	17	11
10897	17	11
10900	17	11
10901	17	11
10902	17	11
10903	17	11
10906	17	11
10940	17	11
10941	17	11
12614	17	14
12615	17	14
12619	17	14
12792	17	15
12794	17	15
12808	17	15
12809	17	15
12811	17	15
12817	17	15
12818	17	15
12820	17	15
12826	17	15
12828	17	15
12899	17	15
12903	17	15
12904	17	15
12905	17	15
12906	17	15
12907	17	15
12908	17	15
12909	17	15
12910	17	15
12911	17	15
12915	17	15
12917	17	15
12918	17	15
12923	17	15
12924	17	15
12925	17	15
12928	17	15
12933	17	15
12939	17	15
12940	17	15
12942	17	15
12944	17	15
12945	17	15
12947	17	15
12949	17	15
12950	17	15
12951	17	15
12956	17	15
12957	17	15
12958	17	15
12959	17	15
12960	17	15
12962	17	15
12964	17	15
12967	17	15
12968	17	15
12971	17	15
12972	17	15
12974	17	15
12978	17	15
12988	17	15
12994	17	15
12996	17	15
12997	17	15
12998	17	15
12999	17	15
13026	17	15
13077	17	15
13078	17	15
14052	17	17
14055	17	17
14400	17	17
14406	17	17
14490	17	17
14682	17	18
14684	17	18
15766	17	20
16486	17	X
17172	17	X
17293	17	X
17348	17	X
985	18	1
988	18	1
990	18	1
996	18	1
1006	18	1
1019	18	1
1668	18	2
2763	18	2
2764	18	2
2765	18	2
2766	18	2
2767	18	2
2771	18	2
3456	18	3
4175	18	4
4176	18	4
4707	18	4
4709	18	4
5702	18	5
5704	18	5
5706	18	5
5712	18	5
5714	18	5
5717	18	5
5725	18	5
5729	18	5
8268	18	8
10034	18	10
10035	18	10
10036	18	10
10693	18	11
11027	18	11
11029	18	11
11031	18	11
11124	18	12
11128	18	12
11145	18	12
11146	18	12
11147	18	12
11149	18	12
11241	18	12
11284	18	12
11288	18	12
11298	18	12
11299	18	12
11300	18	12
11304	18	12
11306	18	12
11313	18	12
11315	18	12
11316	18	12
11317	18	12
11318	18	12
11319	18	12
11321	18	12
11323	18	12
11864	18	13
12268	18	14
14551	18	18
14630	18	18
14792	18	18
15497	18	20
15499	18	20
15577	18	20
15641	18	20
15644	18	20
15647	18	20
15648	18	20
15655	18	20
15657	18	20
15829	18	21
15830	18	21
15831	18	21
15832	18	21
15834	18	21
15837	18	21
15841	18	21
15842	18	21
15843	18	21
15844	18	21
15847	18	21
15850	18	21
15852	18	21
15853	18	21
15855	18	21
15856	18	21
15858	18	21
15859	18	21
15860	18	21
15862	18	21
15863	18	21
15865	18	21
15871	18	21
15878	18	21
15879	18	21
15884	18	21
15889	18	21
15893	18	21
15894	18	21
15896	18	21
15899	18	21
15901	18	21
15903	18	21
16768	18	X
16770	18	X
17040	18	X
17122	18	X
17262	18	X
17517	18	X
23	19	1
166	19	1
225	19	1
227	19	1
228	19	1
229	19	1
231	19	1
369	19	1
889	19	1
1125	19	1
1167	19	1
1169	19	1
1172	19	1
1216	19	1
1217	19	1
1697	19	2
1699	19	2
1702	19	2
2914	19	3
2918	19	3
2919	19	3
3229	19	3
4943	19	5
5032	19	5
5034	19	5
5240	19	5
5241	19	5
5245	19	5
5761	19	5
5826	19	5
6100	19	6
6107	19	6
9912	19	10
10053	19	10
10414	19	11
10417	19	11
10419	19	11
11020	19	11
11021	19	11
11023	19	11
11024	19	11
11340	19	12
11382	19	12
11386	19	12
11413	19	12
11421	19	12
11428	19	12
11430	19	12
11434	19	12
11435	19	12
11436	19	12
11437	19	12
11438	19	12
11439	19	12
11440	19	12
11441	19	12
11442	19	12
11445	19	12
11448	19	12
11450	19	12
11452	19	12
11455	19	12
11456	19	12
11457	19	12
11458	19	12
11466	19	12
11469	19	12
11470	19	12
11471	19	12
11472	19	12
11473	19	12
11476	19	12
11477	19	12
11480	19	12
11481	19	12
11482	19	12
11485	19	12
11487	19	12
11489	19	12
11491	19	12
11492	19	12
11493	19	12
11494	19	12
11495	19	12
11502	19	12
11503	19	12
11504	19	12
11506	19	12
11508	19	12
11510	19	12
11513	19	12
11516	19	12
11519	19	12
11521	19	12
11522	19	12
11523	19	12
11525	19	12
11526	19	12
11527	19	12
11528	19	12
11530	19	12
11531	19	12
11532	19	12
11533	19	12
11536	19	12
11537	19	12
11538	19	12
11548	19	12
11549	19	12
11550	19	12
11551	19	12
11552	19	12
11553	19	12
11555	19	12
11556	19	12
11560	19	12
11562	19	12
11563	19	12
11566	19	12
11567	19	12
11568	19	12
11569	19	12
11571	19	12
11576	19	12
11585	19	12
11586	19	12
11587	19	12
11589	19	12
11590	19	12
11591	19	12
11592	19	12
11593	19	12
11594	19	12
11596	19	12
11597	19	12
11598	19	12
11599	19	12
11601	19	12
11602	19	12
11603	19	12
11604	19	12
11606	19	12
11607	19	12
11609	19	12
11611	19	12
11612	19	12
11613	19	12
11614	19	12
11615	19	12
11619	19	12
11620	19	12
11623	19	12
11626	19	12
11627	19	12
11628	19	12
11629	19	12
11630	19	12
11631	19	12
11632	19	12
11633	19	12
11634	19	12
11636	19	12
11641	19	12
11642	19	12
11645	19	12
11646	19	12
11647	19	12
11648	19	12
11649	19	12
11650	19	12
11651	19	12
11652	19	12
11655	19	12
11656	19	12
11684	19	12
11685	19	12
11686	19	12
11698	19	12
11700	19	12
11702	19	12
11722	19	12
11726	19	12
11742	19	12
11743	19	12
11767	19	12
11773	19	12
11776	19	12
11778	19	12
11779	19	12
11781	19	12
11782	19	12
11783	19	12
11786	19	12
11787	19	12
11814	19	12
12005	19	13
12295	19	14
12299	19	14
13156	19	15
13160	19	15
13824	19	16
13828	19	16
14018	19	17
14019	19	17
14169	19	17
14337	19	17
14344	19	17
15543	19	20
16039	19	22
16042	19	22
16045	19	22
16054	19	22
17258	19	X
505	20	1
964	20	1
1087	20	1
1088	20	1
1725	20	2
2319	20	2
2321	20	2
2323	20	2
2324	20	2
2327	20	2
2330	20	2
2513	20	2
2855	20	3
2858	20	3
3041	20	3
3110	20	3
3117	20	3
3123	20	3
3866	20	4
3892	20	4
3903	20	4
3904	20	4
3905	20	4
4581	20	4
4985	20	5
5184	20	5
5185	20	5
5190	20	5
5191	20	5
5196	20	5
5197	20	5
6706	20	6
7720	20	7
8492	20	8
9096	20	9
9097	20	9
9188	20	9
9189	20	9
9190	20	9
9192	20	9
9196	20	9
9198	20	9
9204	20	9
11196	20	12
11847	20	13
11851	20	13
11853	20	13
11856	20	13
11857	20	13
11858	20	13
11863	20	13
11867	20	13
11868	20	13
11869	20	13
11871	20	13
11875	20	13
11878	20	13
11879	20	13
11880	20	13
11884	20	13
11885	20	13
11891	20	13
11893	20	13
11894	20	13
11902	20	13
11903	20	13
11906	20	13
11907	20	13
11909	20	13
11911	20	13
11912	20	13
11915	20	13
11916	20	13
11917	20	13
11918	20	13
11919	20	13
11921	20	13
11923	20	13
11925	20	13
11926	20	13
11927	20	13
11928	20	13
11929	20	13
11936	20	13
11937	20	13
11940	20	13
11941	20	13
11942	20	13
11944	20	13
11945	20	13
11948	20	13
11949	20	13
11950	20	13
11951	20	13
11954	20	13
11956	20	13
11975	20	13
11976	20	13
11977	20	13
11978	20	13
11980	20	13
11985	20	13
11986	20	13
11996	20	13
12006	20	13
12007	20	13
12008	20	13
12009	20	13
12011	20	13
12012	20	13
12013	20	13
12015	20	13
12016	20	13
12017	20	13
12018	20	13
12019	20	13
12020	20	13
12021	20	13
12022	20	13
12026	20	13
12028	20	13
12029	20	13
12030	20	13
12036	20	13
12037	20	13
12038	20	13
12039	20	13
12040	20	13
12041	20	13
12042	20	13
12043	20	13
12048	20	13
12049	20	13
12050	20	13
12051	20	13
12052	20	13
12053	20	13
12059	20	13
12060	20	13
12061	20	13
12062	20	13
12065	20	13
12070	20	13
12071	20	13
12073	20	13
12074	20	13
12075	20	13
12076	20	13
12077	20	13
12078	20	13
12079	20	13
12081	20	13
12082	20	13
12084	20	13
12086	20	13
12087	20	13
12088	20	13
12089	20	13
12091	20	13
12093	20	13
12095	20	13
12096	20	13
12097	20	13
12098	20	13
12100	20	13
12101	20	13
12102	20	13
12104	20	13
12105	20	13
12107	20	13
12108	20	13
12109	20	13
12111	20	13
12112	20	13
12113	20	13
12114	20	13
12115	20	13
12116	20	13
12117	20	13
12122	20	13
12123	20	13
12124	20	13
12125	20	13
12126	20	13
12145	20	13
12146	20	13
12147	20	13
12149	20	13
12152	20	13
12153	20	13
12154	20	13
12156	20	13
12158	20	13
12159	20	13
12160	20	13
12161	20	13
12163	20	13
12164	20	13
12165	20	13
12166	20	13
12167	20	13
12169	20	13
12170	20	13
12171	20	13
12172	20	13
12173	20	13
12175	20	13
12176	20	13
12177	20	13
12179	20	13
12225	20	14
12478	20	14
12480	20	14
12482	20	14
12488	20	14
12490	20	14
12493	20	14
12495	20	14
12496	20	14
12498	20	14
12505	20	14
12509	20	14
12510	20	14
12511	20	14
12512	20	14
12514	20	14
12516	20	14
12517	20	14
12621	20	14
12622	20	14
13097	20	15
13100	20	15
13101	20	15
13103	20	15
13108	20	15
13110	20	15
13111	20	15
13579	20	16
13581	20	16
13692	20	16
13796	20	16
13809	20	16
13810	20	16
13814	20	16
13816	20	16
14693	20	18
15428	20	19
15980	20	22
16463	20	X
16723	20	X
17238	20	X
17587	20	X
1104	21	1
1731	21	2
1732	21	2
1733	21	2
1734	21	2
1740	21	2
1770	21	2
3581	21	3
3582	21	3
3987	21	4
4360	21	4
6000	21	6
6003	21	6
6004	21	6
6005	21	6
6006	21	6
6008	21	6
6015	21	6
6321	21	6
6322	21	6
6399	21	6
6577	21	6
6745	21	6
6965	21	7
8015	21	8
8016	21	8
8259	21	8
8327	21	8
8793	21	9
8802	21	9
9276	21	9
9278	21	9
9279	21	9
9280	21	9
9281	21	9
9287	21	9
9540	21	10
9977	21	10
10741	21	11
10957	21	11
10958	21	11
10960	21	11
10990	21	11
10991	21	11
11788	21	12
11793	21	12
12244	21	14
12257	21	14
12261	21	14
12265	21	14
12269	21	14
12271	21	14
12272	21	14
12273	21	14
12274	21	14
12275	21	14
12277	21	14
12280	21	14
12281	21	14
12282	21	14
12283	21	14
12289	21	14
12290	21	14
12291	21	14
12292	21	14
12293	21	14
12294	21	14
12301	21	14
12304	21	14
12309	21	14
12311	21	14
12313	21	14
12314	21	14
12316	21	14
12326	21	14
12332	21	14
12334	21	14
12336	21	14
12341	21	14
12342	21	14
12344	21	14
12349	21	14
12351	21	14
12352	21	14
12353	21	14
12355	21	14
12357	21	14
12358	21	14
12364	21	14
12365	21	14
12368	21	14
12369	21	14
12370	21	14
12372	21	14
12374	21	14
12376	21	14
12377	21	14
12380	21	14
12381	21	14
12387	21	14
12388	21	14
12389	21	14
12391	21	14
12393	21	14
12397	21	14
12398	21	14
12403	21	14
12404	21	14
12407	21	14
12410	21	14
12411	21	14
12413	21	14
12414	21	14
12415	21	14
12416	21	14
12418	21	14
12424	21	14
12425	21	14
12428	21	14
12430	21	14
12432	21	14
12436	21	14
12437	21	14
12438	21	14
12453	21	14
12454	21	14
12455	21	14
12459	21	14
12460	21	14
12462	21	14
12463	21	14
12464	21	14
12466	21	14
12468	21	14
12469	21	14
12470	21	14
12472	21	14
12474	21	14
12481	21	14
12518	21	14
12522	21	14
12523	21	14
12563	21	14
12564	21	14
12566	21	14
12568	21	14
12570	21	14
12572	21	14
12573	21	14
12574	21	14
12575	21	14
12576	21	14
12577	21	14
12578	21	14
12579	21	14
12580	21	14
12581	21	14
12582	21	14
12583	21	14
12586	21	14
12588	21	14
12590	21	14
12591	21	14
12602	21	14
12604	21	14
12855	21	15
12879	21	15
13345	21	16
13356	21	16
13793	21	16
14128	21	17
14504	21	17
14506	21	17
14508	21	17
14520	21	17
14757	21	18
15038	21	19
15042	21	19
15238	21	19
15263	21	19
16091	21	22
16285	21	X
16320	21	X
16322	21	X
16333	21	X
16335	21	X
16338	21	X
16339	21	X
16340	21	X
16342	21	X
16343	21	X
16370	21	X
16375	21	X
16401	21	X
16403	21	X
16405	21	X
16406	21	X
16408	21	X
16410	21	X
16413	21	X
16414	21	X
16415	21	X
16422	21	X
16425	21	X
16428	21	X
16432	21	X
16437	21	X
16439	21	X
16440	21	X
16441	21	X
16442	21	X
16443	21	X
16447	21	X
16448	21	X
16449	21	X
16450	21	X
16453	21	X
16477	21	X
16479	21	X
16519	21	X
16594	21	X
16651	21	X
16670	21	X
16779	21	X
16780	21	X
16790	21	X
16791	21	X
16792	21	X
16793	21	X
16837	21	X
16838	21	X
17168	21	X
17194	21	X
17202	21	X
17542	21	X
67	22	1
978	22	1
1785	22	2
4857	22	4
4858	22	4
4859	22	4
5998	22	6
6028	22	6
6029	22	6
6031	22	6
6033	22	6
6034	22	6
6036	22	6
6037	22	6
6038	22	6
6040	22	6
6042	22	6
6043	22	6
6047	22	6
6114	22	6
6116	22	6
6124	22	6
6127	22	6
6132	22	6
7071	22	7
7559	22	7
7560	22	7
7564	22	7
7632	22	7
7778	22	7
7785	22	7
9780	22	10
9782	22	10
9784	22	10
10218	22	11
10223	22	11
10225	22	11
10228	22	11
10230	22	11
11349	22	12
13051	22	15
13052	22	15
13053	22	15
13055	22	15
13079	22	15
13081	22	15
13084	22	15
13090	22	15
13093	22	15
13094	22	15
13113	22	15
14113	22	17
14168	22	17
15164	22	19
15317	22	19
15318	22	19
15319	22	19
15521	22	20
15522	22	20
15677	22	20
15679	22	20
15681	22	20
15682	22	20
15683	22	20
15686	22	20
15687	22	20
15688	22	20
15689	22	20
15690	22	20
15691	22	20
15692	22	20
15694	22	20
15697	22	20
15699	22	20
15701	22	20
15732	22	20
15927	22	21
15929	22	21
16067	22	22
16073	22	22
16134	22	22
16135	22	22
16294	22	X
17466	22	X
17567	22	X
17569	22	X
17647	22	X
1782	23	2
1784	23	2
2028	23	2
3076	23	3
3087	23	3
4132	23	4
5531	23	5
5532	23	5
5533	23	5
5711	23	5
6098	23	6
6101	23	6
6102	23	6
6103	23	6
6457	23	6
6464	23	6
6955	23	7
7004	23	7
7005	23	7
7049	23	7
7050	23	7
7052	23	7
7055	23	7
8277	23	8
8706	23	8
8709	23	8
8742	23	8
8744	23	8
8747	23	8
9131	23	9
9136	23	9
9137	23	9
9138	23	9
9140	23	9
9143	23	9
9144	23	9
9146	23	9
9150	23	9
9152	23	9
9153	23	9
9155	23	9
9160	23	9
9161	23	9
9163	23	9
9164	23	9
9165	23	9
9171	23	9
9407	23	9
10073	23	10
11667	23	12
13042	23	15
13043	23	15
13091	23	15
13217	23	16
13225	23	16
13227	23	16
13228	23	16
13233	23	16
13235	23	16
13239	23	16
13240	23	16
13247	23	16
13248	23	16
13251	23	16
13252	23	16
13253	23	16
13313	23	16
13314	23	16
13315	23	16
13620	23	16
13621	23	16
13622	23	16
13624	23	16
13629	23	16
13630	23	16
13631	23	16
13635	23	16
13638	23	16
13640	23	16
13641	23	16
13643	23	16
13646	23	16
13647	23	16
13649	23	16
13650	23	16
13651	23	16
13652	23	16
13653	23	16
13656	23	16
13658	23	16
13661	23	16
13664	23	16
13665	23	16
13666	23	16
13668	23	16
13670	23	16
13671	23	16
13672	23	16
13673	23	16
13818	23	16
13921	23	17
13983	23	17
14002	23	17
14269	23	17
14352	23	17
14353	23	17
14355	23	17
14356	23	17
14360	23	17
14362	23	17
14363	23	17
14365	23	17
14448	23	17
14458	23	17
14460	23	17
14462	23	17
14463	23	17
14464	23	17
14465	23	17
14466	23	17
14467	23	17
14468	23	17
14469	23	17
14497	23	17
14511	23	17
14514	23	17
14704	23	18
14740	23	18
14741	23	18
14744	23	18
14745	23	18
14747	23	18
14749	23	18
14826	23	18
14827	23	18
14871	23	19
15056	23	19
15097	23	19
15101	23	19
15106	23	19
15226	23	19
15229	23	19
16115	23	22
16487	23	X
16496	23	X
16514	23	X
16969	23	X
17001	23	X
17006	23	X
39	24	1
40	24	1
45	24	1
93	24	1
94	24	1
96	24	1
3234	24	3
3235	24	3
3236	24	3
3238	24	3
3447	24	3
4305	24	4
4307	24	4
7171	24	7
7315	24	7
7317	24	7
7318	24	7
7322	24	7
7323	24	7
7350	24	7
7353	24	7
7365	24	7
7366	24	7
7369	24	7
7372	24	7
7418	24	7
7440	24	7
7486	24	7
7487	24	7
7489	24	7
7491	24	7
8507	24	8
8509	24	8
8514	24	8
9737	24	10
9738	24	10
9742	24	10
10472	24	11
11026	24	11
11041	24	12
11043	24	12
11182	24	12
11186	24	12
11966	24	13
11967	24	13
12199	24	13
12232	24	14
12233	24	14
12847	24	15
12850	24	15
12851	24	15
13359	24	16
13495	24	16
13498	24	16
13522	24	16
13591	24	16
13599	24	16
13600	24	16
13604	24	16
13606	24	16
13608	24	16
13715	24	16
13766	24	16
13767	24	16
13771	24	16
13773	24	16
13783	24	16
14428	24	17
14456	24	17
14597	24	18
14753	24	18
14777	24	18
14778	24	18
15091	24	19
15137	24	19
15142	24	19
15146	24	19
15147	24	19
15148	24	19
15149	24	19
15158	24	19
15161	24	19
15165	24	19
15168	24	19
15179	24	19
15183	24	19
15186	24	19
15190	24	19
15191	24	19
15192	24	19
15195	24	19
15197	24	19
15210	24	19
15211	24	19
15214	24	19
15215	24	19
15217	24	19
15218	24	19
15219	24	19
15220	24	19
15221	24	19
15223	24	19
15242	24	19
15261	24	19
15270	24	19
15293	24	19
15445	24	19
16732	24	X
16891	24	X
16902	24	X
17176	24	X
17177	24	X
17303	24	X
17306	24	X
17309	24	X
17312	24	X
17399	24	X
17401	24	X
17406	24	X
17640	24	X
4120	25	4
6985	25	7
6986	25	7
6987	25	7
7516	25	7
7881	25	7
8767	25	9
8771	25	9
9101	25	9
9102	25	9
9103	25	9
13949	25	17
13960	25	17
15426	25	19
15430	25	19
15480	25	19
15481	25	19
15483	25	19
15487	25	19
15489	25	19
16022	25	22
16029	25	22
16082	25	22
16085	25	22
16086	25	22
16102	25	22
16103	25	22
16104	25	22
16156	25	22
16159	25	22
16162	25	22
16164	25	22
16166	25	22
16169	25	22
16171	25	22
16172	25	22
16173	25	22
16175	25	22
1750	26	2
1751	26	2
3023	26	3
3026	26	3
3861	26	4
3862	26	4
4625	26	4
6084	26	6
6086	26	6
6203	26	6
8034	26	8
8272	26	8
8275	26	8
9282	26	9
9284	26	9
9291	26	9
9305	26	9
9990	26	10
10315	26	11
10320	26	11
10591	26	11
10601	26	11
10606	26	11
10611	26	11
10612	26	11
10732	26	11
10972	26	11
11002	26	11
11005	26	11
11008	26	11
11009	26	11
11011	26	11
11012	26	11
11013	26	11
11014	26	11
11015	26	11
14539	26	18
14543	26	18
14544	26	18
14545	26	18
14548	26	18
14550	26	18
14554	26	18
14555	26	18
14556	26	18
14557	26	18
14558	26	18
14559	26	18
14560	26	18
14566	26	18
14567	26	18
14568	26	18
14570	26	18
14571	26	18
14574	26	18
14577	26	18
14578	26	18
14585	26	18
14586	26	18
14587	26	18
14589	26	18
14595	26	18
14751	26	18
14754	26	18
14759	26	18
14760	26	18
14761	26	18
14762	26	18
14763	26	18
14767	26	18
14768	26	18
14770	26	18
14771	26	18
14782	26	18
14783	26	18
14784	26	18
14785	26	18
14787	26	18
14788	26	18
14789	26	18
14790	26	18
14793	26	18
14794	26	18
14795	26	18
14796	26	18
14798	26	18
14799	26	18
14800	26	18
14801	26	18
14803	26	18
14804	26	18
14805	26	18
14806	26	18
14807	26	18
14808	26	18
14810	26	18
14815	26	18
14816	26	18
14817	26	18
14819	26	18
14821	26	18
14824	26	18
14825	26	18
14830	26	18
14840	26	18
17178	26	X
17339	26	X
17346	26	X
3077	27	3
3080	27	3
4035	27	4
6204	27	6
6675	27	6
8309	27	8
8344	27	8
8430	27	8
8489	27	8
8490	27	8
10712	27	11
10767	27	11
10798	27	11
10987	27	11
10989	27	11
11051	27	12
11362	27	12
11964	27	13
11965	27	13
12092	27	13
13598	27	16
13602	27	16
13617	27	16
13618	27	16
15408	27	19
15923	27	21
16123	27	22
16124	27	22
16129	27	22
16582	27	X
16741	27	X
16742	27	X
16744	27	X
16783	27	X
16836	27	X
16878	27	X
16879	27	X
16907	27	X
16935	27	X
16978	27	X
16984	27	X
16990	27	X
17002	27	X
17011	27	X
17015	27	X
17019	27	X
17027	27	X
17028	27	X
17029	27	X
17031	27	X
17037	27	X
17039	27	X
17042	27	X
17043	27	X
17044	27	X
17045	27	X
17046	27	X
17048	27	X
17049	27	X
17050	27	X
17051	27	X
17052	27	X
17053	27	X
17054	27	X
17055	27	X
17057	27	X
17058	27	X
17059	27	X
17062	27	X
17066	27	X
17067	27	X
17069	27	X
17070	27	X
17071	27	X
17074	27	X
17075	27	X
17205	27	X
17210	27	X
17225	27	X
17227	27	X
17228	27	X
17229	27	X
17234	27	X
17236	27	X
17237	27	X
17239	27	X
17242	27	X
17243	27	X
17247	27	X
17249	27	X
17252	27	X
17257	27	X
17265	27	X
17268	27	X
17269	27	X
17271	27	X
17272	27	X
17273	27	X
17274	27	X
17277	27	X
17282	27	X
17284	27	X
17286	27	X
17287	27	X
17289	27	X
17290	27	X
17292	27	X
17298	27	X
17301	27	X
17307	27	X
17360	27	X
17364	27	X
17367	27	X
17368	27	X
17369	27	X
17378	27	X
17380	27	X
17381	27	X
17383	27	X
17384	27	X
17386	27	X
17388	27	X
17389	27	X
17390	27	X
17392	27	X
17393	27	X
17409	27	X
17414	27	X
17419	27	X
17421	27	X
17438	27	X
17451	27	X
17459	27	X
17461	27	X
17462	27	X
17464	27	X
17470	27	X
17472	27	X
17475	27	X
17476	27	X
17479	27	X
17488	27	X
17501	27	X
17513	27	X
17516	27	X
17522	27	X
17524	27	X
17526	27	X
17528	27	X
17544	27	X
17545	27	X
17546	27	X
17547	27	X
17548	27	X
17552	27	X
17559	27	X
17560	27	X
17561	27	X
17562	27	X
17570	27	X
17571	27	X
17597	27	X
17607	27	X
17609	27	X
17610	27	X
17611	27	X
17612	27	X
