95	0	1
124	0	1
128	0	1
130	0	1
133	0	1
136	0	1
138	0	1
141	0	1
145	0	1
147	0	1
149	0	1
153	0	1
167	0	1
174	0	1
178	0	1
200	0	1
201	0	1
202	0	1
203	0	1
204	0	1
208	0	1
226	0	1
233	0	1
237	0	1
245	0	1
247	0	1
249	0	1
261	0	1
264	0	1
352	0	1
357	0	1
361	0	1
364	0	1
368	0	1
373	0	1
374	0	1
375	0	1
376	0	1
377	0	1
378	0	1
379	0	1
380	0	1
381	0	1
382	0	1
383	0	1
384	0	1
389	0	1
393	0	1
404	0	1
406	0	1
409	0	1
410	0	1
412	0	1
413	0	1
414	0	1
415	0	1
417	0	1
418	0	1
419	0	1
420	0	1
421	0	1
423	0	1
425	0	1
427	0	1
429	0	1
431	0	1
433	0	1
434	0	1
438	0	1
439	0	1
441	0	1
442	0	1
443	0	1
444	0	1
445	0	1
446	0	1
447	0	1
449	0	1
450	0	1
451	0	1
452	0	1
455	0	1
465	0	1
466	0	1
470	0	1
471	0	1
473	0	1
474	0	1
475	0	1
476	0	1
477	0	1
478	0	1
481	0	1
482	0	1
483	0	1
484	0	1
486	0	1
487	0	1
506	0	1
511	0	1
515	0	1
516	0	1
519	0	1
520	0	1
523	0	1
524	0	1
525	0	1
526	0	1
527	0	1
528	0	1
529	0	1
530	0	1
531	0	1
532	0	1
534	0	1
535	0	1
536	0	1
545	0	1
547	0	1
551	0	1
552	0	1
553	0	1
556	0	1
559	0	1
560	0	1
561	0	1
562	0	1
563	0	1
565	0	1
566	0	1
567	0	1
568	0	1
569	0	1
571	0	1
572	0	1
574	0	1
575	0	1
576	0	1
577	0	1
579	0	1
580	0	1
590	0	1
593	0	1
594	0	1
595	0	1
596	0	1
597	0	1
598	0	1
618	0	1
620	0	1
621	0	1
622	0	1
623	0	1
627	0	1
628	0	1
629	0	1
630	0	1
631	0	1
632	0	1
633	0	1
634	0	1
635	0	1
639	0	1
662	0	1
663	0	1
670	0	1
677	0	1
682	0	1
683	0	1
692	0	1
696	0	1
711	0	1
713	0	1
717	0	1
718	0	1
719	0	1
723	0	1
726	0	1
729	0	1
733	0	1
891	0	1
892	0	1
898	0	1
899	0	1
909	0	1
924	0	1
926	0	1
927	0	1
930	0	1
931	0	1
935	0	1
936	0	1
937	0	1
939	0	1
942	0	1
944	0	1
947	0	1
948	0	1
952	0	1
953	0	1
965	0	1
968	0	1
970	0	1
994	0	1
1003	0	1
1004	0	1
1012	0	1
1014	0	1
1015	0	1
1016	0	1
1020	0	1
1021	0	1
1023	0	1
1025	0	1
1026	0	1
1027	0	1
1031	0	1
1032	0	1
1033	0	1
1038	0	1
1040	0	1
1045	0	1
1047	0	1
1048	0	1
1051	0	1
1060	0	1
1061	0	1
1062	0	1
1063	0	1
1066	0	1
1068	0	1
1069	0	1
1070	0	1
1071	0	1
1073	0	1
1077	0	1
1078	0	1
1080	0	1
1081	0	1
1082	0	1
1084	0	1
1085	0	1
1090	0	1
1091	0	1
1092	0	1
1093	0	1
1095	0	1
1097	0	1
1098	0	1
1100	0	1
1101	0	1
1102	0	1
1106	0	1
1107	0	1
1108	0	1
1110	0	1
1111	0	1
1112	0	1
1121	0	1
1124	0	1
1126	0	1
1127	0	1
1131	0	1
1134	0	1
1143	0	1
1146	0	1
1148	0	1
1150	0	1
1151	0	1
1153	0	1
1155	0	1
1158	0	1
1177	0	1
1179	0	1
1185	0	1
1186	0	1
1187	0	1
1188	0	1
1192	0	1
1193	0	1
1194	0	1
1197	0	1
1205	0	1
1206	0	1
1207	0	1
1208	0	1
1209	0	1
1213	0	1
1218	0	1
1219	0	1
1222	0	1
1224	0	1
1226	0	1
1231	0	1
1232	0	1
1233	0	1
1234	0	1
1235	0	1
1237	0	1
1238	0	1
1240	0	1
1241	0	1
1244	0	1
1250	0	1
1256	0	1
1263	0	1
1274	0	1
1278	0	1
1279	0	1
1280	0	1
1281	0	1
1282	0	1
1283	0	1
1284	0	1
1285	0	1
1287	0	1
1290	0	1
1295	0	1
1299	0	1
1301	0	1
1302	0	1
1308	0	1
1309	0	1
1310	0	1
1313	0	1
1315	0	1
1319	0	1
1324	0	1
1325	0	1
1326	0	1
1332	0	1
1334	0	1
1340	0	1
1341	0	1
1342	0	1
1345	0	1
1347	0	1
1354	0	1
1426	0	2
2201	0	2
2386	0	2
2482	0	2
2506	0	2
2680	0	2
3012	0	3
3013	0	3
3398	0	3
3441	0	3
3445	0	3
3449	0	3
3450	0	3
3559	0	3
4331	0	4
4333	0	4
4477	0	4
4484	0	4
4485	0	4
4635	0	4
4837	0	4
4841	0	4
4894	0	5
4907	0	5
4909	0	5
4912	0	5
4916	0	5
4917	0	5
4942	0	5
4957	0	5
4962	0	5
4965	0	5
4966	0	5
4967	0	5
4968	0	5
5338	0	5
5595	0	5
5597	0	5
5833	0	5
6066	0	6
6067	0	6
6069	0	6
6071	0	6
6072	0	6
6073	0	6
6075	0	6
6076	0	6
6079	0	6
6138	0	6
6391	0	6
6393	0	6
6402	0	6
6422	0	6
6483	0	6
6889	0	6
6890	0	6
6891	0	6
6892	0	6
6905	0	6
6906	0	6
6907	0	6
6908	0	6
6909	0	6
6910	0	6
6911	0	6
6912	0	6
7739	0	7
7930	0	7
7989	0	7
8425	0	8
8427	0	8
8750	0	8
8757	0	8
8824	0	9
9116	0	9
9117	0	9
9118	0	9
9119	0	9
9121	0	9
9122	0	9
9124	0	9
9677	0	10
9882	0	10
9979	0	10
10200	0	10
10207	0	10
10689	0	11
10975	0	11
10976	0	11
11066	0	12
11067	0	12
11070	0	12
11111	0	12
11335	0	12
11338	0	12
11394	0	12
11399	0	12
11498	0	12
11501	0	12
12760	0	15
12761	0	15
12926	0	15
12927	0	15
13000	0	15
13002	0	15
13003	0	15
13004	0	15
13005	0	15
13008	0	15
13009	0	15
13012	0	15
13015	0	15
13016	0	15
13021	0	15
13032	0	15
13033	0	15
13035	0	15
13036	0	15
13191	0	16
13369	0	16
13580	0	16
13690	0	16
13712	0	16
13761	0	16
13798	0	16
13799	0	16
13801	0	16
13802	0	16
13803	0	16
13805	0	16
13808	0	16
13974	0	17
13975	0	17
13976	0	17
13978	0	17
13981	0	17
13982	0	17
14130	0	17
14158	0	17
14429	0	17
14528	0	17
14738	0	18
14828	0	18
14994	0	19
15080	0	19
15264	0	19
15274	0	19
15311	0	19
15349	0	19
15362	0	19
15380	0	19
15425	0	19
15473	0	19
15477	0	19
15512	0	20
15515	0	20
15518	0	20
15519	0	20
15528	0	20
15529	0	20
15530	0	20
15531	0	20
15532	0	20
15533	0	20
15542	0	20
15544	0	20
15545	0	20
15547	0	20
15549	0	20
15550	0	20
15551	0	20
15555	0	20
15559	0	20
15561	0	20
15562	0	20
15563	0	20
15568	0	20
15570	0	20
15571	0	20
15572	0	20
15573	0	20
15575	0	20
15579	0	20
15581	0	20
15582	0	20
15583	0	20
15585	0	20
15587	0	20
15659	0	20
15662	0	20
15666	0	20
15912	0	21
16064	0	22
16065	0	22
16080	0	22
16268	0	X
16774	0	X
17007	0	X
17169	0	X
17263	0	X
17264	0	X
17471	0	X
17477	0	X
17480	0	X
17628	0	X
309	1	1
676	1	1
699	1	1
700	1	1
701	1	1
707	1	1
998	1	1
1001	1	1
1251	1	1
1261	1	1
1392	1	2
1393	1	2
1396	1	2
1397	1	2
1398	1	2
1399	1	2
1403	1	2
1404	1	2
1408	1	2
1409	1	2
1410	1	2
1411	1	2
1412	1	2
1413	1	2
1414	1	2
1417	1	2
1418	1	2
1419	1	2
1420	1	2
1422	1	2
1424	1	2
1428	1	2
1431	1	2
1433	1	2
1434	1	2
1437	1	2
1439	1	2
1440	1	2
1441	1	2
1442	1	2
1443	1	2
1445	1	2
1449	1	2
1450	1	2
1451	1	2
1454	1	2
1455	1	2
1456	1	2
1457	1	2
1458	1	2
1460	1	2
1461	1	2
1462	1	2
1463	1	2
1464	1	2
1465	1	2
1468	1	2
1470	1	2
1471	1	2
1472	1	2
1473	1	2
1474	1	2
1475	1	2
1476	1	2
1478	1	2
1479	1	2
1480	1	2
1483	1	2
1484	1	2
1488	1	2
1493	1	2
1495	1	2
1501	1	2
1505	1	2
1506	1	2
1509	1	2
1515	1	2
1519	1	2
1522	1	2
1523	1	2
1526	1	2
1530	1	2
1533	1	2
1534	1	2
1536	1	2
1537	1	2
1539	1	2
1540	1	2
1541	1	2
1549	1	2
1551	1	2
1553	1	2
1556	1	2
1557	1	2
1559	1	2
1560	1	2
1562	1	2
1563	1	2
1564	1	2
1567	1	2
1568	1	2
1572	1	2
1574	1	2
1575	1	2
1581	1	2
1583	1	2
1585	1	2
1586	1	2
1587	1	2
1590	1	2
1594	1	2
1597	1	2
1599	1	2
1600	1	2
1602	1	2
1603	1	2
1605	1	2
1606	1	2
1607	1	2
1608	1	2
1609	1	2
1610	1	2
1611	1	2
1615	1	2
1616	1	2
1617	1	2
1618	1	2
1621	1	2
1622	1	2
1624	1	2
1627	1	2
1629	1	2
1630	1	2
1631	1	2
1633	1	2
1637	1	2
1638	1	2
1640	1	2
1646	1	2
1648	1	2
1651	1	2
1652	1	2
1656	1	2
1662	1	2
1666	1	2
1671	1	2
1672	1	2
1674	1	2
1675	1	2
1676	1	2
1678	1	2
1680	1	2
1685	1	2
1687	1	2
1690	1	2
1691	1	2
1693	1	2
1694	1	2
1695	1	2
1696	1	2
1752	1	2
1753	1	2
1754	1	2
1755	1	2
1757	1	2
1758	1	2
1759	1	2
1760	1	2
1761	1	2
1763	1	2
1764	1	2
1766	1	2
1767	1	2
1769	1	2
1771	1	2
1773	1	2
1774	1	2
1776	1	2
1777	1	2
1919	1	2
2015	1	2
2017	1	2
2025	1	2
2026	1	2
2029	1	2
2030	1	2
2032	1	2
2033	1	2
2034	1	2
2037	1	2
2040	1	2
2041	1	2
2043	1	2
2044	1	2
2049	1	2
2053	1	2
2055	1	2
2056	1	2
2093	1	2
2165	1	2
2168	1	2
2170	1	2
2171	1	2
2173	1	2
2174	1	2
2178	1	2
2179	1	2
2180	1	2
2181	1	2
2182	1	2
2184	1	2
2186	1	2
2193	1	2
2194	1	2
2196	1	2
2211	1	2
2213	1	2
2217	1	2
2219	1	2
2220	1	2
2221	1	2
2222	1	2
2223	1	2
2225	1	2
2228	1	2
2235	1	2
2238	1	2
2240	1	2
2242	1	2
2243	1	2
2270	1	2
2331	1	2
2336	1	2
2338	1	2
2339	1	2
2340	1	2
2342	1	2
2343	1	2
2347	1	2
2350	1	2
2351	1	2
2352	1	2
2353	1	2
2354	1	2
2357	1	2
2358	1	2
2363	1	2
2365	1	2
2366	1	2
2368	1	2
2369	1	2
2370	1	2
2371	1	2
2372	1	2
2373	1	2
2374	1	2
2375	1	2
2377	1	2
2382	1	2
2383	1	2
2384	1	2
2388	1	2
2389	1	2
2392	1	2
2401	1	2
2402	1	2
2404	1	2
2407	1	2
2408	1	2
2410	1	2
2411	1	2
2413	1	2
2414	1	2
2418	1	2
2419	1	2
2421	1	2
2422	1	2
2423	1	2
2424	1	2
2428	1	2
2429	1	2
2435	1	2
2437	1	2
2438	1	2
2443	1	2
2445	1	2
2453	1	2
2458	1	2
2459	1	2
2460	1	2
2461	1	2
2462	1	2
2463	1	2
2464	1	2
2466	1	2
2467	1	2
2474	1	2
2475	1	2
2476	1	2
2479	1	2
2480	1	2
2485	1	2
2486	1	2
2488	1	2
2491	1	2
2492	1	2
2493	1	2
2494	1	2
2498	1	2
2499	1	2
2500	1	2
2501	1	2
2503	1	2
2508	1	2
2512	1	2
2514	1	2
2516	1	2
2517	1	2
2519	1	2
2520	1	2
2523	1	2
2524	1	2
2526	1	2
2535	1	2
2536	1	2
2537	1	2
2540	1	2
2542	1	2
2544	1	2
2546	1	2
2550	1	2
2552	1	2
2554	1	2
2556	1	2
2557	1	2
2559	1	2
2560	1	2
2561	1	2
2562	1	2
2563	1	2
2564	1	2
2565	1	2
2566	1	2
2567	1	2
2568	1	2
2569	1	2
2570	1	2
2571	1	2
2572	1	2
2573	1	2
2582	1	2
2595	1	2
2597	1	2
2598	1	2
2599	1	2
2602	1	2
2603	1	2
2608	1	2
2610	1	2
2611	1	2
2614	1	2
2615	1	2
2616	1	2
2629	1	2
2709	1	2
2710	1	2
2711	1	2
2712	1	2
2718	1	2
2719	1	2
2773	1	2
2823	1	3
2824	1	3
2825	1	3
2830	1	3
3143	1	3
3147	1	3
3440	1	3
3465	1	3
4082	1	4
4084	1	4
4380	1	4
4799	1	4
4801	1	4
4807	1	4
4809	1	4
4865	1	4
4866	1	4
4867	1	4
4868	1	4
4869	1	4
4872	1	4
4878	1	4
4879	1	4
5023	1	5
5080	1	5
5114	1	5
5345	1	5
5607	1	5
5747	1	5
6063	1	6
6413	1	6
6417	1	6
6438	1	6
6441	1	6
6472	1	6
6935	1	7
7037	1	7
7038	1	7
7039	1	7
7042	1	7
7266	1	7
7522	1	7
7583	1	7
7700	1	7
7894	1	7
7895	1	7
7896	1	7
7897	1	7
7899	1	7
8219	1	8
8220	1	8
8227	1	8
8230	1	8
8231	1	8
8233	1	8
8266	1	8
8464	1	8
9401	1	9
9403	1	9
9955	1	10
10072	1	10
10075	1	10
10406	1	11
10407	1	11
10645	1	11
10907	1	11
10908	1	11
10910	1	11
11250	1	12
11661	1	12
11675	1	12
11679	1	12
11682	1	12
11683	1	12
11839	1	13
12288	1	14
12310	1	14
12606	1	14
12607	1	14
12812	1	15
13018	1	15
13642	1	16
13920	1	17
13943	1	17
14016	1	17
14148	1	17
14227	1	17
14233	1	17
14366	1	17
14444	1	17
14679	1	18
14694	1	18
14695	1	18
14697	1	18
14832	1	18
15541	1	20
15743	1	20
16130	1	22
16296	1	X
16297	1	X
16497	1	X
16729	1	X
16757	1	X
16777	1	X
16789	1	X
16963	1	X
17327	1	X
17350	1	X
17372	1	X
17697	1	X
504	2	1
637	2	1
920	2	1
922	2	1
995	2	1
1704	2	2
1741	2	2
2020	2	2
2364	2	2
2574	2	2
2575	2	2
2576	2	2
2578	2	2
2579	2	2
2580	2	2
2586	2	2
2590	2	2
2591	2	2
2596	2	2
2650	2	2
2783	2	3
2785	2	3
2786	2	3
2787	2	3
2789	2	3
2792	2	3
2793	2	3
2794	2	3
2795	2	3
2799	2	3
2803	2	3
2804	2	3
2805	2	3
2806	2	3
2808	2	3
2810	2	3
2811	2	3
2812	2	3
2814	2	3
2818	2	3
2819	2	3
2820	2	3
2821	2	3
2863	2	3
2864	2	3
2865	2	3
2866	2	3
2867	2	3
2868	2	3
2869	2	3
2870	2	3
2872	2	3
2873	2	3
2874	2	3
2875	2	3
2876	2	3
2877	2	3
2881	2	3
2882	2	3
2885	2	3
2886	2	3
2890	2	3
2892	2	3
2893	2	3
2895	2	3
2896	2	3
2897	2	3
2899	2	3
2900	2	3
2901	2	3
2902	2	3
2904	2	3
2905	2	3
2909	2	3
2910	2	3
2913	2	3
2915	2	3
2920	2	3
2921	2	3
2925	2	3
2926	2	3
2928	2	3
2930	2	3
2931	2	3
2935	2	3
2936	2	3
2937	2	3
2939	2	3
2942	2	3
2943	2	3
2944	2	3
2945	2	3
2947	2	3
2948	2	3
2949	2	3
2950	2	3
2952	2	3
2955	2	3
2956	2	3
2957	2	3
2958	2	3
2960	2	3
2964	2	3
2966	2	3
2967	2	3
2968	2	3
2970	2	3
2971	2	3
2972	2	3
2974	2	3
2975	2	3
2977	2	3
2978	2	3
2979	2	3
2980	2	3
2982	2	3
2983	2	3
2985	2	3
2997	2	3
3000	2	3
3001	2	3
3003	2	3
3004	2	3
3005	2	3
3009	2	3
3011	2	3
3017	2	3
3018	2	3
3020	2	3
3047	2	3
3089	2	3
3092	2	3
3093	2	3
3094	2	3
3096	2	3
3097	2	3
3098	2	3
3100	2	3
3101	2	3
3103	2	3
3104	2	3
3118	2	3
3125	2	3
3127	2	3
3128	2	3
3129	2	3
3130	2	3
3131	2	3
3135	2	3
3397	2	3
3642	2	3
3645	2	3
3876	2	4
3901	2	4
4198	2	4
4199	2	4
4200	2	4
4627	2	4
4836	2	4
5549	2	5
5735	2	5
5738	2	5
5935	2	5
6021	2	6
6613	2	6
7132	2	7
7417	2	7
7504	2	7
8148	2	8
9267	2	9
9803	2	10
9808	2	10
9810	2	10
9811	2	10
9812	2	10
9813	2	10
9814	2	10
11129	2	12
11138	2	12
11139	2	12
11140	2	12
11143	2	12
11144	2	12
12178	2	13
12396	2	14
13857	2	16
14004	2	17
14132	2	17
14164	2	17
14171	2	17
14172	2	17
14180	2	17
14845	2	19
14902	2	19
14985	2	19
14990	2	19
15034	2	19
15035	2	19
15113	2	19
15990	2	22
16003	2	22
16273	2	X
16274	2	X
16275	2	X
16288	2	X
16289	2	X
16291	2	X
16293	2	X
16298	2	X
16301	2	X
16304	2	X
16305	2	X
16306	2	X
16308	2	X
16309	2	X
16310	2	X
16311	2	X
16326	2	X
16328	2	X
16329	2	X
16330	2	X
16376	2	X
16377	2	X
16378	2	X
16382	2	X
16385	2	X
16386	2	X
16390	2	X
16392	2	X
16396	2	X
16397	2	X
16399	2	X
16418	2	X
16719	2	X
16979	2	X
16993	2	X
17113	2	X
17173	2	X
17259	2	X
17261	2	X
17416	2	X
17422	2	X
17427	2	X
17434	2	X
17678	2	X
17698	2	X
17702	2	X
31	3	1
266	3	1
542	3	1
585	3	1
589	3	1
1113	3	1
1114	3	1
1116	3	1
1119	3	1
1200	3	1
1269	3	1
1762	3	2
2648	3	2
2649	3	2
2652	3	2
2658	3	2
2667	3	2
2672	3	2
2673	3	2
2849	3	3
2851	3	3
2996	3	3
3148	3	3
3150	3	3
3155	3	3
3156	3	3
3158	3	3
3161	3	3
3162	3	3
3163	3	3
3166	3	3
3168	3	3
3169	3	3
3170	3	3
3172	3	3
3173	3	3
3174	3	3
3176	3	3
3178	3	3
3179	3	3
3181	3	3
3182	3	3
3183	3	3
3184	3	3
3185	3	3
3190	3	3
3195	3	3
3196	3	3
3198	3	3
3199	3	3
3200	3	3
3201	3	3
3202	3	3
3243	3	3
3244	3	3
3245	3	3
3246	3	3
3249	3	3
3250	3	3
3251	3	3
3252	3	3
3253	3	3
3255	3	3
3257	3	3
3261	3	3
3262	3	3
3263	3	3
3265	3	3
3266	3	3
3269	3	3
3271	3	3
3274	3	3
3275	3	3
3277	3	3
3283	3	3
3300	3	3
3302	3	3
3305	3	3
3306	3	3
3311	3	3
3314	3	3
3315	3	3
3317	3	3
3319	3	3
3320	3	3
3322	3	3
3325	3	3
3328	3	3
3331	3	3
3333	3	3
3335	3	3
3336	3	3
3337	3	3
3342	3	3
3343	3	3
3353	3	3
3355	3	3
3357	3	3
3359	3	3
3360	3	3
3361	3	3
3362	3	3
3363	3	3
3365	3	3
3366	3	3
3368	3	3
3369	3	3
3370	3	3
3371	3	3
3372	3	3
3373	3	3
3375	3	3
3379	3	3
3380	3	3
3382	3	3
3385	3	3
3386	3	3
3387	3	3
3388	3	3
3389	3	3
3390	3	3
3396	3	3
3402	3	3
3404	3	3
3405	3	3
3406	3	3
3408	3	3
3409	3	3
3410	3	3
3411	3	3
3412	3	3
3413	3	3
3425	3	3
3426	3	3
3427	3	3
3431	3	3
3467	3	3
3470	3	3
3471	3	3
3474	3	3
3478	3	3
3479	3	3
3484	3	3
3493	3	3
3495	3	3
3496	3	3
3497	3	3
3498	3	3
3501	3	3
3507	3	3
3508	3	3
3512	3	3
3515	3	3
3517	3	3
3519	3	3
3520	3	3
3522	3	3
3523	3	3
3524	3	3
3526	3	3
3529	3	3
3532	3	3
3533	3	3
3536	3	3
3542	3	3
3545	3	3
3546	3	3
3547	3	3
3553	3	3
3555	3	3
3561	3	3
3567	3	3
3571	3	3
3572	3	3
3573	3	3
3575	3	3
3576	3	3
3577	3	3
3578	3	3
3579	3	3
3583	3	3
3586	3	3
3589	3	3
3590	3	3
3591	3	3
3595	3	3
3597	3	3
3598	3	3
3599	3	3
3600	3	3
3601	3	3
3602	3	3
3604	3	3
3605	3	3
3606	3	3
3607	3	3
3609	3	3
3610	3	3
3611	3	3
3614	3	3
3615	3	3
3616	3	3
3617	3	3
3619	3	3
3620	3	3
3621	3	3
3622	3	3
3624	3	3
3625	3	3
3626	3	3
3627	3	3
3631	3	3
3634	3	3
3635	3	3
3636	3	3
3637	3	3
3638	3	3
3641	3	3
3649	3	3
3651	3	3
3653	3	3
3654	3	3
3655	3	3
3659	3	3
3661	3	3
3662	3	3
3664	3	3
3665	3	3
3667	3	3
3672	3	3
3678	3	3
3681	3	3
3685	3	3
3686	3	3
3688	3	3
3690	3	3
3691	3	3
3692	3	3
3696	3	3
3697	3	3
3698	3	3
3699	3	3
3700	3	3
3701	3	3
3702	3	3
3703	3	3
3705	3	3
3706	3	3
3708	3	3
3709	3	3
3711	3	3
3712	3	3
3713	3	3
3714	3	3
3715	3	3
3716	3	3
3717	3	3
3718	3	3
3722	3	3
3723	3	3
3724	3	3
3728	3	3
3733	3	3
3735	3	3
3736	3	3
3737	3	3
3738	3	3
3739	3	3
3740	3	3
3741	3	3
3742	3	3
3743	3	3
3744	3	3
3745	3	3
3746	3	3
3755	3	3
3756	3	3
3758	3	3
3760	3	3
3761	3	3
3763	3	3
3767	3	3
3768	3	3
3770	3	3
3771	3	3
3772	3	3
3775	3	3
3792	3	3
3796	3	3
3799	3	3
3800	3	3
3802	3	3
3806	3	3
3807	3	3
3808	3	3
3809	3	3
3813	3	3
3814	3	3
3815	3	3
3816	3	3
3818	3	3
3822	3	3
3828	3	3
3834	3	3
3839	3	3
3845	3	3
3849	3	3
3852	3	3
4688	3	4
5130	3	5
5524	3	5
5526	3	5
5650	3	5
6055	3	6
6194	3	6
6363	3	6
6440	3	6
6771	3	6
6810	3	6
6811	3	6
8184	3	8
8185	3	8
8191	3	8
8951	3	9
8952	3	9
9244	3	9
9377	3	9
9779	3	10
9899	3	10
10024	3	10
10025	3	10
10775	3	11
10849	3	11
10852	3	11
10859	3	11
10962	3	11
10967	3	11
10968	3	11
10992	3	11
10994	3	11
10995	3	11
11115	3	12
11117	3	12
11232	3	12
11339	3	12
11344	3	12
11369	3	12
11370	3	12
11414	3	12
11529	3	12
11828	3	13
11897	3	13
12503	3	14
12558	3	14
12560	3	14
12562	3	14
12593	3	14
13118	3	15
13124	3	15
13125	3	15
13126	3	15
13131	3	15
13159	3	15
13486	3	16
13946	3	17
13947	3	17
14000	3	17
15493	3	20
15537	3	20
15789	3	20
15917	3	21
15921	3	21
16163	3	22
16281	3	X
16387	3	X
16515	3	X
16764	3	X
17097	3	X
17099	3	X
17101	3	X
17102	3	X
17104	3	X
17105	3	X
17106	3	X
17107	3	X
17109	3	X
17110	3	X
17111	3	X
17171	3	X
17226	3	X
159	4	1
329	4	1
332	4	1
333	4	1
335	4	1
337	4	1
338	4	1
341	4	1
351	4	1
395	4	1
396	4	1
793	4	1
980	4	1
1007	4	1
1008	4	1
1009	4	1
1086	4	1
1466	4	2
1716	4	2
1719	4	2
2637	4	2
2638	4	2
2639	4	2
2640	4	2
2641	4	2
2642	4	2
2643	4	2
2704	4	2
2757	4	2
2760	4	2
2761	4	2
2815	4	3
3871	4	4
3900	4	4
3929	4	4
3932	4	4
3940	4	4
3941	4	4
3942	4	4
3945	4	4
3946	4	4
3947	4	4
3948	4	4
3949	4	4
3950	4	4
3951	4	4
3953	4	4
3955	4	4
3957	4	4
3958	4	4
3960	4	4
3961	4	4
3962	4	4
3963	4	4
3965	4	4
3966	4	4
3967	4	4
3968	4	4
3969	4	4
3970	4	4
3971	4	4
3972	4	4
3973	4	4
3974	4	4
3975	4	4
3976	4	4
3979	4	4
3983	4	4
3985	4	4
3988	4	4
3989	4	4
3992	4	4
3993	4	4
3994	4	4
3999	4	4
4000	4	4
4002	4	4
4003	4	4
4004	4	4
4005	4	4
4006	4	4
4007	4	4
4008	4	4
4009	4	4
4026	4	4
4027	4	4
4028	4	4
4030	4	4
4031	4	4
4038	4	4
4042	4	4
4052	4	4
4058	4	4
4061	4	4
4062	4	4
4064	4	4
4065	4	4
4066	4	4
4067	4	4
4068	4	4
4070	4	4
4071	4	4
4072	4	4
4073	4	4
4074	4	4
4075	4	4
4077	4	4
4080	4	4
4094	4	4
4106	4	4
4124	4	4
4125	4	4
4135	4	4
4137	4	4
4143	4	4
4147	4	4
4148	4	4
4152	4	4
4153	4	4
4159	4	4
4160	4	4
4161	4	4
4163	4	4
4164	4	4
4167	4	4
4171	4	4
4172	4	4
4173	4	4
4177	4	4
4179	4	4
4180	4	4
4181	4	4
4183	4	4
4185	4	4
4186	4	4
4187	4	4
4188	4	4
4190	4	4
4193	4	4
4197	4	4
4204	4	4
4205	4	4
4208	4	4
4210	4	4
4211	4	4
4212	4	4
4213	4	4
4214	4	4
4216	4	4
4217	4	4
4223	4	4
4225	4	4
4226	4	4
4228	4	4
4230	4	4
4231	4	4
4232	4	4
4233	4	4
4236	4	4
4242	4	4
4243	4	4
4246	4	4
4251	4	4
4254	4	4
4256	4	4
4257	4	4
4258	4	4
4259	4	4
4265	4	4
4270	4	4
4274	4	4
4275	4	4
4277	4	4
4278	4	4
4281	4	4
4283	4	4
4284	4	4
4285	4	4
4286	4	4
4288	4	4
4289	4	4
4290	4	4
4292	4	4
4293	4	4
4294	4	4
4297	4	4
4298	4	4
4299	4	4
4304	4	4
4309	4	4
4310	4	4
4312	4	4
4314	4	4
4315	4	4
4316	4	4
4318	4	4
4320	4	4
4322	4	4
4324	4	4
4325	4	4
4329	4	4
4330	4	4
4338	4	4
4342	4	4
4343	4	4
4344	4	4
4345	4	4
4347	4	4
4348	4	4
4349	4	4
4350	4	4
4352	4	4
4354	4	4
4355	4	4
4357	4	4
4358	4	4
4361	4	4
4363	4	4
4364	4	4
4369	4	4
4371	4	4
4374	4	4
4377	4	4
4379	4	4
4381	4	4
4382	4	4
4383	4	4
4384	4	4
4385	4	4
4386	4	4
4389	4	4
4390	4	4
4392	4	4
4393	4	4
4399	4	4
4400	4	4
4403	4	4
4404	4	4
4408	4	4
4409	4	4
4411	4	4
4415	4	4
4421	4	4
4422	4	4
4423	4	4
4429	4	4
4430	4	4
4434	4	4
4435	4	4
4436	4	4
4439	4	4
4440	4	4
4442	4	4
4445	4	4
4449	4	4
4453	4	4
4454	4	4
4457	4	4
4461	4	4
4462	4	4
4464	4	4
4465	4	4
4466	4	4
4470	4	4
4471	4	4
4472	4	4
4473	4	4
4474	4	4
4482	4	4
4488	4	4
4492	4	4
4493	4	4
4494	4	4
4495	4	4
4500	4	4
4502	4	4
4503	4	4
4504	4	4
4506	4	4
4507	4	4
4508	4	4
4509	4	4
4510	4	4
4511	4	4
4514	4	4
4516	4	4
4518	4	4
4527	4	4
4528	4	4
4530	4	4
4535	4	4
4536	4	4
4538	4	4
4539	4	4
4540	4	4
4541	4	4
4542	4	4
4544	4	4
4549	4	4
4551	4	4
4552	4	4
4553	4	4
4554	4	4
4555	4	4
4556	4	4
4557	4	4
4560	4	4
4562	4	4
4563	4	4
4564	4	4
4565	4	4
4567	4	4
4571	4	4
4575	4	4
4576	4	4
4579	4	4
4580	4	4
4582	4	4
4583	4	4
4584	4	4
4585	4	4
4587	4	4
4590	4	4
4594	4	4
4595	4	4
4597	4	4
4615	4	4
4616	4	4
4617	4	4
4618	4	4
4620	4	4
4621	4	4
4623	4	4
4624	4	4
4628	4	4
4631	4	4
4632	4	4
4633	4	4
4634	4	4
4637	4	4
4638	4	4
4639	4	4
4646	4	4
4647	4	4
4648	4	4
4649	4	4
4653	4	4
4655	4	4
4656	4	4
4657	4	4
4658	4	4
4660	4	4
4661	4	4
4662	4	4
4664	4	4
4668	4	4
4670	4	4
4672	4	4
4673	4	4
4674	4	4
4683	4	4
4686	4	4
4691	4	4
4693	4	4
4694	4	4
4695	4	4
4696	4	4
4698	4	4
4699	4	4
4700	4	4
4704	4	4
4705	4	4
4706	4	4
4711	4	4
4712	4	4
4714	4	4
4715	4	4
4718	4	4
4720	4	4
4721	4	4
4723	4	4
4724	4	4
4725	4	4
4728	4	4
4729	4	4
4731	4	4
4732	4	4
4733	4	4
4738	4	4
4739	4	4
4740	4	4
4743	4	4
4744	4	4
4745	4	4
4749	4	4
4750	4	4
4752	4	4
4754	4	4
4756	4	4
4757	4	4
4758	4	4
4759	4	4
4760	4	4
4761	4	4
4762	4	4
4763	4	4
4764	4	4
4766	4	4
4768	4	4
4775	4	4
4779	4	4
4783	4	4
4785	4	4
4786	4	4
4787	4	4
4789	4	4
4793	4	4
4794	4	4
4797	4	4
4815	4	4
4816	4	4
4817	4	4
4819	4	4
4820	4	4
4821	4	4
4823	4	4
4824	4	4
4825	4	4
4826	4	4
4827	4	4
4828	4	4
4829	4	4
4831	4	4
4832	4	4
4833	4	4
4834	4	4
4835	4	4
4839	4	4
4842	4	4
4843	4	4
4844	4	4
4846	4	4
4847	4	4
4848	4	4
4849	4	4
4852	4	4
4877	4	4
5732	4	5
5849	4	5
5921	4	5
5951	4	5
5953	4	5
6626	4	6
6627	4	6
6628	4	6
6629	4	6
6638	4	6
6774	4	6
6776	4	6
6937	4	7
6940	4	7
7019	4	7
7087	4	7
7101	4	7
7273	4	7
7450	4	7
7586	4	7
7588	4	7
7592	4	7
7685	4	7
7908	4	7
7929	4	7
8978	4	9
8992	4	9
9127	4	9
9133	4	9
10243	4	11
10247	4	11
10249	4	11
10253	4	11
10255	4	11
10258	4	11
10262	4	11
10263	4	11
10265	4	11
10268	4	11
10269	4	11
10272	4	11
10273	4	11
10304	4	11
10477	4	11
10667	4	11
10669	4	11
10802	4	11
11045	4	12
11076	4	12
11191	4	12
11194	4	12
11195	4	12
11198	4	12
11417	4	12
11518	4	12
11578	4	12
11579	4	12
11809	4	12
11958	4	13
11959	4	13
11960	4	13
12484	4	14
12525	4	14
12527	4	14
12530	4	14
12531	4	14
12532	4	14
12533	4	14
12540	4	14
12542	4	14
12546	4	14
12551	4	14
12552	4	14
12553	4	14
12554	4	14
12556	4	14
12608	4	14
12611	4	14
12612	4	14
13180	4	16
13412	4	16
13758	4	16
14129	4	17
14367	4	17
14842	4	18
15092	4	19
15093	4	19
15224	4	19
15389	4	19
15406	4	19
15495	4	20
15500	4	20
15507	4	20
15517	4	20
15523	4	20
15525	4	20
15526	4	20
15611	4	20
16000	4	22
16060	4	22
16323	4	X
16324	4	X
16345	4	X
16347	4	X
16348	4	X
16351	4	X
16389	4	X
16400	4	X
16412	4	X
16612	4	X
16624	4	X
16717	4	X
16973	4	X
17086	4	X
17126	4	X
17129	4	X
238	5	1
714	5	1
716	5	1
4410	5	4
4921	5	5
4922	5	5
4923	5	5
4924	5	5
4928	5	5
4935	5	5
4937	5	5
4938	5	5
4939	5	5
4940	5	5
4941	5	5
4944	5	5
4947	5	5
4948	5	5
4950	5	5
4951	5	5
4953	5	5
4955	5	5
4964	5	5
4982	5	5
4994	5	5
5003	5	5
5005	5	5
5007	5	5
5009	5	5
5011	5	5
5012	5	5
5013	5	5
5015	5	5
5016	5	5
5017	5	5
5018	5	5
5021	5	5
5022	5	5
5024	5	5
5027	5	5
5028	5	5
5029	5	5
5030	5	5
5031	5	5
5036	5	5
5038	5	5
5040	5	5
5053	5	5
5054	5	5
5057	5	5
5058	5	5
5059	5	5
5061	5	5
5062	5	5
5064	5	5
5066	5	5
5067	5	5
5075	5	5
5076	5	5
5077	5	5
5078	5	5
5079	5	5
5081	5	5
5082	5	5
5083	5	5
5085	5	5
5086	5	5
5087	5	5
5088	5	5
5090	5	5
5091	5	5
5093	5	5
5095	5	5
5096	5	5
5098	5	5
5100	5	5
5101	5	5
5103	5	5
5105	5	5
5140	5	5
5141	5	5
5165	5	5
5166	5	5
5168	5	5
5170	5	5
5172	5	5
5173	5	5
5175	5	5
5178	5	5
5179	5	5
5182	5	5
5419	5	5
5796	5	5
6778	5	6
8124	5	8
8126	5	8
8127	5	8
8130	5	8
8131	5	8
8132	5	8
8133	5	8
8134	5	8
8135	5	8
8136	5	8
8552	5	8
8553	5	8
8554	5	8
8555	5	8
8556	5	8
8559	5	8
8560	5	8
8561	5	8
8599	5	8
8738	5	8
9277	5	9
9735	5	10
9929	5	10
9939	5	10
9940	5	10
9956	5	10
10631	5	11
10642	5	11
11496	5	12
12645	5	14
12664	5	14
12665	5	14
13213	5	16
13963	5	17
13966	5	17
13969	5	17
13973	5	17
14073	5	17
14423	5	17
14425	5	17
14831	5	18
15552	5	20
15553	5	20
16033	5	22
16746	5	X
16759	5	X
17433	5	X
881	6	1
1053	6	1
1056	6	1
1059	6	1
1079	6	1
1159	6	1
1163	6	1
1165	6	1
1166	6	1
1264	6	1
1267	6	1
1491	6	2
1723	6	2
2360	6	2
2362	6	2
2837	6	3
2840	6	3
2845	6	3
2846	6	3
3186	6	3
3187	6	3
3222	6	3
3240	6	3
3241	6	3
3308	6	3
3415	6	3
3418	6	3
3424	6	3
3503	6	3
3680	6	3
4451	6	4
4487	6	4
4497	6	4
4687	6	4
4792	6	4
4989	6	5
5152	6	5
5176	6	5
5203	6	5
5204	6	5
5207	6	5
5209	6	5
5210	6	5
5213	6	5
5214	6	5
5215	6	5
5216	6	5
5217	6	5
5219	6	5
5220	6	5
5221	6	5
5224	6	5
5226	6	5
5230	6	5
5232	6	5
5233	6	5
5234	6	5
5248	6	5
5249	6	5
5253	6	5
5254	6	5
5257	6	5
5258	6	5
5261	6	5
5263	6	5
5264	6	5
5265	6	5
5276	6	5
5279	6	5
5282	6	5
5326	6	5
5327	6	5
5330	6	5
5331	6	5
5332	6	5
5334	6	5
5335	6	5
5336	6	5
5337	6	5
5357	6	5
5358	6	5
5360	6	5
5361	6	5
5362	6	5
5364	6	5
5365	6	5
5368	6	5
5371	6	5
5373	6	5
5376	6	5
5377	6	5
5382	6	5
5384	6	5
5385	6	5
5387	6	5
5391	6	5
5394	6	5
5397	6	5
5399	6	5
5400	6	5
5401	6	5
5402	6	5
5403	6	5
5405	6	5
5406	6	5
5408	6	5
5410	6	5
5413	6	5
5414	6	5
5416	6	5
5420	6	5
5422	6	5
5423	6	5
5426	6	5
5428	6	5
5429	6	5
5430	6	5
5436	6	5
5437	6	5
5438	6	5
5440	6	5
5442	6	5
5446	6	5
5447	6	5
5448	6	5
5451	6	5
5452	6	5
5454	6	5
5455	6	5
5458	6	5
5460	6	5
5461	6	5
5462	6	5
5463	6	5
5464	6	5
5466	6	5
5467	6	5
5471	6	5
5472	6	5
5474	6	5
5476	6	5
5477	6	5
5492	6	5
5494	6	5
5495	6	5
5500	6	5
5501	6	5
5509	6	5
5513	6	5
5514	6	5
5516	6	5
5517	6	5
5518	6	5
5520	6	5
5521	6	5
5523	6	5
5534	6	5
5535	6	5
5538	6	5
5540	6	5
5541	6	5
5542	6	5
5544	6	5
5545	6	5
5546	6	5
5548	6	5
5553	6	5
5554	6	5
5556	6	5
5557	6	5
5558	6	5
5562	6	5
5563	6	5
5566	6	5
5568	6	5
5569	6	5
5571	6	5
5576	6	5
5577	6	5
5579	6	5
5580	6	5
5582	6	5
5585	6	5
5586	6	5
5587	6	5
5589	6	5
5591	6	5
5592	6	5
5593	6	5
5594	6	5
5596	6	5
5599	6	5
5602	6	5
5606	6	5
5608	6	5
5610	6	5
5612	6	5
5614	6	5
5616	6	5
5617	6	5
5619	6	5
5623	6	5
5626	6	5
5628	6	5
5629	6	5
5630	6	5
5631	6	5
5632	6	5
5634	6	5
5635	6	5
5636	6	5
5637	6	5
5639	6	5
5646	6	5
5647	6	5
5648	6	5
5649	6	5
5652	6	5
5653	6	5
5655	6	5
5656	6	5
5657	6	5
5658	6	5
5661	6	5
5663	6	5
5664	6	5
5666	6	5
5674	6	5
5690	6	5
5691	6	5
5695	6	5
5741	6	5
5748	6	5
5749	6	5
5750	6	5
5751	6	5
5753	6	5
5756	6	5
5758	6	5
5759	6	5
5760	6	5
5766	6	5
5768	6	5
5769	6	5
5770	6	5
5771	6	5
5773	6	5
5774	6	5
5778	6	5
5779	6	5
5781	6	5
5782	6	5
5786	6	5
5787	6	5
5788	6	5
5789	6	5
5791	6	5
5792	6	5
5793	6	5
5799	6	5
5801	6	5
5802	6	5
5803	6	5
5807	6	5
5808	6	5
5810	6	5
5811	6	5
5814	6	5
5815	6	5
5816	6	5
5817	6	5
5819	6	5
5820	6	5
5824	6	5
5827	6	5
5828	6	5
5829	6	5
5834	6	5
5835	6	5
5838	6	5
5839	6	5
5841	6	5
5842	6	5
5843	6	5
5847	6	5
5850	6	5
5851	6	5
5852	6	5
5853	6	5
5855	6	5
5856	6	5
5858	6	5
5860	6	5
5861	6	5
5862	6	5
5866	6	5
5868	6	5
5869	6	5
5870	6	5
5872	6	5
5873	6	5
5874	6	5
5879	6	5
5882	6	5
5883	6	5
5884	6	5
5885	6	5
5887	6	5
5889	6	5
5890	6	5
5918	6	5
6152	6	6
6154	6	6
6157	6	6
6568	6	6
6862	6	6
6863	6	6
6865	6	6
6867	6	6
6916	6	7
6920	6	7
6922	6	7
6936	6	7
7510	6	7
7512	6	7
7513	6	7
8061	6	8
8286	6	8
8287	6	8
8331	6	8
8337	6	8
8341	6	8
8576	6	8
8633	6	8
8647	6	8
8648	6	8
8653	6	8
8686	6	8
8687	6	8
8688	6	8
8689	6	8
8690	6	8
8698	6	8
8699	6	8
8701	6	8
8702	6	8
8708	6	8
9422	6	9
9425	6	9
9426	6	9
9439	6	9
9450	6	9
9452	6	9
9454	6	9
9456	6	9
9457	6	9
9461	6	9
10280	6	11
10343	6	11
10345	6	11
10361	6	11
10393	6	11
10977	6	11
10979	6	11
10981	6	11
10983	6	11
11053	6	12
11151	6	12
11152	6	12
11154	6	12
11155	6	12
11156	6	12
11157	6	12
11159	6	12
11164	6	12
11165	6	12
11166	6	12
11173	6	12
11174	6	12
11175	6	12
11176	6	12
11178	6	12
11179	6	12
11181	6	12
11187	6	12
11331	6	12
11657	6	12
11658	6	12
11711	6	12
11784	6	12
12047	6	13
12072	6	13
12623	6	14
12723	6	15
12725	6	15
12735	6	15
12741	6	15
12742	6	15
12743	6	15
12744	6	15
13027	6	15
13066	6	15
13122	6	15
13123	6	15
13127	6	15
13162	6	15
13209	6	16
13211	6	16
13285	6	16
13454	6	16
13674	6	16
13682	6	16
13685	6	16
13687	6	16
13841	6	16
13843	6	16
13847	6	16
14160	6	17
14163	6	17
14190	6	17
14251	6	17
14479	6	17
14546	6	18
14561	6	18
14699	6	18
14700	6	18
15412	6	19
16114	6	22
16253	6	X
16255	6	X
16257	6	X
16265	6	X
16266	6	X
16360	6	X
16364	6	X
16470	6	X
16600	6	X
16674	6	X
16676	6	X
16805	6	X
16813	6	X
16815	6	X
16943	6	X
17077	6	X
17078	6	X
17080	6	X
17081	6	X
17082	6	X
17083	6	X
17085	6	X
17088	6	X
17089	6	X
17092	6	X
17094	6	X
17095	6	X
17096	6	X
17613	6	X
17616	6	X
218	7	1
223	7	1
344	7	1
348	7	1
350	7	1
453	7	1
512	7	1
687	7	1
833	7	1
1145	7	1
1239	7	1
1259	7	1
1643	7	2
2738	7	2
2741	7	2
2745	7	2
3034	7	3
3139	7	3
3140	7	3
3228	7	3
3230	7	3
3239	7	3
4010	7	4
4012	7	4
4014	7	4
4018	7	4
4019	7	4
4020	7	4
4021	7	4
4025	7	4
4142	7	4
4478	7	4
4803	7	4
4892	7	5
6080	7	6
6081	7	6
6083	7	6
6143	7	6
6147	7	6
6149	7	6
6160	7	6
6169	7	6
6170	7	6
6173	7	6
6174	7	6
6175	7	6
6178	7	6
6183	7	6
6184	7	6
6195	7	6
6202	7	6
6205	7	6
6207	7	6
6208	7	6
6210	7	6
6211	7	6
6212	7	6
6213	7	6
6214	7	6
6215	7	6
6216	7	6
6220	7	6
6221	7	6
6222	7	6
6223	7	6
6225	7	6
6227	7	6
6228	7	6
6229	7	6
6230	7	6
6232	7	6
6233	7	6
6236	7	6
6237	7	6
6238	7	6
6239	7	6
6241	7	6
6243	7	6
6244	7	6
6245	7	6
6246	7	6
6249	7	6
6250	7	6
6255	7	6
6257	7	6
6260	7	6
6262	7	6
6314	7	6
6315	7	6
6316	7	6
6323	7	6
6329	7	6
6332	7	6
6338	7	6
6340	7	6
6341	7	6
6342	7	6
6346	7	6
6348	7	6
6349	7	6
6350	7	6
6356	7	6
6357	7	6
6358	7	6
6360	7	6
6361	7	6
6368	7	6
6370	7	6
6371	7	6
6373	7	6
6376	7	6
6377	7	6
6378	7	6
6379	7	6
6380	7	6
6382	7	6
6383	7	6
6385	7	6
6386	7	6
6388	7	6
6401	7	6
6403	7	6
6408	7	6
6420	7	6
6421	7	6
6439	7	6
6445	7	6
6450	7	6
6451	7	6
6453	7	6
6458	7	6
6466	7	6
6475	7	6
6476	7	6
6480	7	6
6481	7	6
6482	7	6
6485	7	6
6486	7	6
6489	7	6
6490	7	6
6491	7	6
6492	7	6
6493	7	6
6494	7	6
6496	7	6
6499	7	6
6512	7	6
6523	7	6
6527	7	6
6534	7	6
6536	7	6
6537	7	6
6540	7	6
6541	7	6
6542	7	6
6543	7	6
6544	7	6
6545	7	6
6547	7	6
6548	7	6
6550	7	6
6552	7	6
6554	7	6
6555	7	6
6556	7	6
6557	7	6
6561	7	6
6562	7	6
6564	7	6
6567	7	6
6569	7	6
6570	7	6
6571	7	6
6572	7	6
6573	7	6
6575	7	6
6579	7	6
6580	7	6
6581	7	6
6582	7	6
6584	7	6
6586	7	6
6589	7	6
6595	7	6
6596	7	6
6597	7	6
6598	7	6
6601	7	6
6602	7	6
6604	7	6
6607	7	6
6608	7	6
6609	7	6
6610	7	6
6611	7	6
6612	7	6
6625	7	6
6641	7	6
6643	7	6
6645	7	6
6646	7	6
6647	7	6
6653	7	6
6654	7	6
6655	7	6
6659	7	6
6662	7	6
6663	7	6
6664	7	6
6667	7	6
6669	7	6
6670	7	6
6671	7	6
6685	7	6
6686	7	6
6687	7	6
6688	7	6
6689	7	6
6692	7	6
6695	7	6
6697	7	6
6699	7	6
6700	7	6
6701	7	6
6702	7	6
6703	7	6
6705	7	6
6709	7	6
6715	7	6
6717	7	6
6719	7	6
6721	7	6
6722	7	6
6724	7	6
6726	7	6
6729	7	6
6731	7	6
6733	7	6
6735	7	6
6737	7	6
6738	7	6
6741	7	6
6743	7	6
6748	7	6
6749	7	6
6751	7	6
6752	7	6
6753	7	6
6755	7	6
6756	7	6
6758	7	6
6759	7	6
6760	7	6
6762	7	6
6763	7	6
6765	7	6
6767	7	6
6769	7	6
6770	7	6
6779	7	6
6781	7	6
6782	7	6
6783	7	6
6784	7	6
6786	7	6
6787	7	6
6788	7	6
6789	7	6
6790	7	6
6793	7	6
6795	7	6
6796	7	6
6797	7	6
6798	7	6
6800	7	6
6802	7	6
6806	7	6
6807	7	6
6808	7	6
6813	7	6
6815	7	6
6818	7	6
6819	7	6
6820	7	6
6821	7	6
6822	7	6
6825	7	6
6826	7	6
6827	7	6
6828	7	6
6830	7	6
6833	7	6
6834	7	6
6835	7	6
6836	7	6
6837	7	6
6838	7	6
6839	7	6
6841	7	6
6845	7	6
6848	7	6
6850	7	6
6852	7	6
6854	7	6
6856	7	6
6858	7	6
6874	7	6
6875	7	6
6877	7	6
6878	7	6
6879	7	6
6880	7	6
6881	7	6
6883	7	6
6885	7	6
6888	7	6
7143	7	7
7375	7	7
7452	7	7
7681	7	7
7684	7	7
7768	7	7
8137	7	8
8460	7	8
8463	7	8
8465	7	8
8979	7	9
8985	7	9
8987	7	9
9251	7	9
9802	7	10
10123	7	10
10124	7	10
10155	7	10
10487	7	11
10567	7	11
10577	7	11
10649	7	11
10711	7	11
11017	7	11
11019	7	11
11422	7	12
11425	7	12
11539	7	12
11542	7	12
11543	7	12
11719	7	12
11720	7	12
12131	7	13
12133	7	13
12134	7	13
12135	7	13
12136	7	13
12137	7	13
12138	7	13
12442	7	14
12444	7	14
12446	7	14
12538	7	14
12831	7	15
12832	7	15
12833	7	15
13424	7	16
13425	7	16
13434	7	16
13575	7	16
13899	7	17
13902	7	17
14213	7	17
14218	7	17
14733	7	18
14737	7	18
14809	7	18
14814	7	18
14835	7	18
14976	7	19
15051	7	19
15130	7	19
15132	7	19
15665	7	20
15671	7	20
15966	7	22
16137	7	22
16276	7	X
16331	7	X
16336	7	X
16366	7	X
16368	7	X
16369	7	X
16371	7	X
16372	7	X
16445	7	X
16466	7	X
16683	7	X
16686	7	X
16711	7	X
16745	7	X
16767	7	X
17003	7	X
17016	7	X
17017	7	X
17018	7	X
17204	7	X
17212	7	X
17213	7	X
17215	7	X
17216	7	X
17218	7	X
17224	7	X
17519	7	X
17649	7	X
46	8	1
47	8	1
372	8	1
949	8	1
2199	8	2
2200	8	2
2670	8	2
2852	8	3
3260	8	3
3630	8	3
3823	8	3
3902	8	4
4036	8	4
4414	8	4
4678	8	4
4679	8	4
4681	8	4
4682	8	4
5006	8	5
5008	8	5
5063	8	5
5110	8	5
5128	8	5
5129	8	5
5133	8	5
6111	8	6
6196	8	6
6197	8	6
6199	8	6
6354	8	6
6425	8	6
6873	8	6
6925	8	7
6988	8	7
6989	8	7
6990	8	7
6993	8	7
6994	8	7
6995	8	7
6998	8	7
7000	8	7
7001	8	7
7002	8	7
7003	8	7
7006	8	7
7007	8	7
7009	8	7
7012	8	7
7014	8	7
7017	8	7
7018	8	7
7020	8	7
7021	8	7
7022	8	7
7028	8	7
7029	8	7
7030	8	7
7031	8	7
7032	8	7
7033	8	7
7034	8	7
7043	8	7
7044	8	7
7045	8	7
7059	8	7
7060	8	7
7061	8	7
7062	8	7
7066	8	7
7070	8	7
7074	8	7
7075	8	7
7078	8	7
7079	8	7
7081	8	7
7082	8	7
7083	8	7
7084	8	7
7086	8	7
7103	8	7
7104	8	7
7105	8	7
7106	8	7
7107	8	7
7109	8	7
7111	8	7
7112	8	7
7113	8	7
7126	8	7
7127	8	7
7128	8	7
7133	8	7
7135	8	7
7136	8	7
7137	8	7
7139	8	7
7144	8	7
7145	8	7
7148	8	7
7150	8	7
7152	8	7
7154	8	7
7177	8	7
7178	8	7
7179	8	7
7180	8	7
7181	8	7
7183	8	7
7188	8	7
7189	8	7
7190	8	7
7191	8	7
7193	8	7
7194	8	7
7195	8	7
7197	8	7
7199	8	7
7202	8	7
7203	8	7
7205	8	7
7206	8	7
7208	8	7
7209	8	7
7211	8	7
7212	8	7
7345	8	7
7492	8	7
7493	8	7
7494	8	7
7496	8	7
7500	8	7
7501	8	7
7515	8	7
7517	8	7
7518	8	7
7519	8	7
7524	8	7
7525	8	7
7530	8	7
7533	8	7
7535	8	7
7537	8	7
7538	8	7
7539	8	7
7540	8	7
7542	8	7
7543	8	7
7547	8	7
7553	8	7
7554	8	7
7555	8	7
7556	8	7
7557	8	7
7563	8	7
7565	8	7
7566	8	7
7567	8	7
7569	8	7
7571	8	7
7572	8	7
7574	8	7
7575	8	7
7576	8	7
7577	8	7
7581	8	7
7582	8	7
7584	8	7
7603	8	7
7627	8	7
7655	8	7
7656	8	7
7657	8	7
7658	8	7
7661	8	7
7663	8	7
7664	8	7
7666	8	7
7674	8	7
7675	8	7
7676	8	7
7677	8	7
7687	8	7
7688	8	7
7690	8	7
7692	8	7
7693	8	7
7695	8	7
7698	8	7
7702	8	7
7704	8	7
7707	8	7
7709	8	7
7710	8	7
7711	8	7
7714	8	7
7715	8	7
7716	8	7
7717	8	7
7718	8	7
7723	8	7
7726	8	7
7727	8	7
7729	8	7
7732	8	7
7734	8	7
7736	8	7
7738	8	7
7740	8	7
7743	8	7
7745	8	7
7746	8	7
7747	8	7
7748	8	7
7749	8	7
7751	8	7
7754	8	7
7755	8	7
7756	8	7
7757	8	7
7758	8	7
7759	8	7
7760	8	7
7761	8	7
7763	8	7
7765	8	7
7766	8	7
7767	8	7
7786	8	7
7788	8	7
7790	8	7
7792	8	7
7794	8	7
7795	8	7
7796	8	7
7797	8	7
7798	8	7
7799	8	7
7800	8	7
7801	8	7
7802	8	7
7803	8	7
7808	8	7
7809	8	7
7810	8	7
7811	8	7
7812	8	7
7815	8	7
7816	8	7
7817	8	7
7818	8	7
7825	8	7
7828	8	7
7830	8	7
7831	8	7
7835	8	7
7836	8	7
7838	8	7
7878	8	7
7880	8	7
7882	8	7
7883	8	7
7884	8	7
7886	8	7
7888	8	7
7889	8	7
7890	8	7
7906	8	7
7907	8	7
7955	8	7
7956	8	7
7958	8	7
7959	8	7
7980	8	7
7981	8	7
7983	8	7
7984	8	7
7986	8	7
7987	8	7
7991	8	7
7995	8	7
8053	8	8
8278	8	8
8319	8	8
8361	8	8
8567	8	8
8574	8	8
9243	8	9
9428	8	9
9434	8	9
9522	8	10
9531	8	10
10718	8	11
11188	8	12
11231	8	12
11367	8	12
11368	8	12
11375	8	12
11377	8	12
11454	8	12
12068	8	13
12119	8	13
14254	8	17
14331	8	17
14441	8	17
14443	8	17
14445	8	17
14663	8	18
15265	8	19
15511	8	20
15851	8	21
15886	8	21
16106	8	22
16107	8	22
16154	8	22
16546	8	X
16584	8	X
16589	8	X
16743	8	X
17361	8	X
17603	8	X
17682	8	X
17685	8	X
18	9	1
19	9	1
518	9	1
1128	9	1
1498	9	2
1591	9	2
2215	9	2
2367	9	2
2441	9	2
2448	9	2
2455	9	2
2527	9	2
2528	9	2
2530	9	2
2533	9	2
2617	9	2
2621	9	2
2624	9	2
2626	9	2
2631	9	2
2695	9	2
2696	9	2
2697	9	2
2698	9	2
2706	9	2
2708	9	2
2749	9	2
2750	9	2
2752	9	2
2777	9	2
2778	9	2
2822	9	3
2836	9	3
2929	9	3
3367	9	3
3393	9	3
3394	9	3
3776	9	3
3781	9	3
3782	9	3
3788	9	3
3854	9	3
4131	9	4
4726	9	4
4727	9	4
5355	9	5
5681	9	5
5684	9	5
5939	9	5
5945	9	5
5949	9	5
5955	9	6
5993	9	6
6012	9	6
6013	9	6
6014	9	6
6018	9	6
6019	9	6
6020	9	6
6024	9	6
6026	9	6
6110	9	6
7046	9	7
7225	9	7
7622	9	7
8018	9	8
8030	9	8
8149	9	8
8150	9	8
8151	9	8
8152	9	8
8154	9	8
8155	9	8
8156	9	8
8158	9	8
8159	9	8
8163	9	8
8176	9	8
8177	9	8
8178	9	8
8179	9	8
8181	9	8
8182	9	8
8183	9	8
8193	9	8
8194	9	8
8195	9	8
8197	9	8
8198	9	8
8199	9	8
8200	9	8
8203	9	8
8204	9	8
8205	9	8
8206	9	8
8207	9	8
8209	9	8
8210	9	8
8213	9	8
8214	9	8
8222	9	8
8283	9	8
8289	9	8
8290	9	8
8291	9	8
8293	9	8
8294	9	8
8295	9	8
8297	9	8
8299	9	8
8300	9	8
8302	9	8
8305	9	8
8306	9	8
8307	9	8
8310	9	8
8311	9	8
8312	9	8
8315	9	8
8318	9	8
8321	9	8
8329	9	8
8333	9	8
8334	9	8
8336	9	8
8338	9	8
8340	9	8
8343	9	8
8345	9	8
8350	9	8
8351	9	8
8352	9	8
8353	9	8
8355	9	8
8356	9	8
8357	9	8
8359	9	8
8363	9	8
8364	9	8
8365	9	8
8366	9	8
8369	9	8
8370	9	8
8371	9	8
8372	9	8
8373	9	8
8376	9	8
8377	9	8
8380	9	8
8382	9	8
8383	9	8
8386	9	8
8387	9	8
8388	9	8
8389	9	8
8390	9	8
8392	9	8
8394	9	8
8395	9	8
8402	9	8
8403	9	8
8408	9	8
8411	9	8
8412	9	8
8413	9	8
8414	9	8
8415	9	8
8416	9	8
8417	9	8
8418	9	8
8419	9	8
8420	9	8
8421	9	8
8422	9	8
8423	9	8
8428	9	8
8432	9	8
8434	9	8
8435	9	8
8436	9	8
8438	9	8
8439	9	8
8441	9	8
8442	9	8
8445	9	8
8446	9	8
8447	9	8
8448	9	8
8449	9	8
8450	9	8
8459	9	8
8466	9	8
8467	9	8
8468	9	8
8470	9	8
8471	9	8
8472	9	8
8473	9	8
8475	9	8
8477	9	8
8480	9	8
8481	9	8
8486	9	8
8491	9	8
8499	9	8
8501	9	8
8502	9	8
8503	9	8
8504	9	8
8516	9	8
8517	9	8
8520	9	8
8521	9	8
8522	9	8
8524	9	8
8527	9	8
8530	9	8
8532	9	8
8533	9	8
8534	9	8
8537	9	8
8539	9	8
8541	9	8
8543	9	8
8547	9	8
8549	9	8
8568	9	8
8578	9	8
8579	9	8
8580	9	8
8581	9	8
8582	9	8
8583	9	8
8584	9	8
8585	9	8
8588	9	8
8590	9	8
8593	9	8
8594	9	8
8595	9	8
8596	9	8
8597	9	8
8598	9	8
8600	9	8
8601	9	8
8603	9	8
8604	9	8
8605	9	8
8606	9	8
8609	9	8
8610	9	8
8611	9	8
8612	9	8
8615	9	8
8616	9	8
8617	9	8
8618	9	8
8619	9	8
8621	9	8
8622	9	8
8623	9	8
8624	9	8
8625	9	8
8628	9	8
8631	9	8
8635	9	8
8636	9	8
8638	9	8
8640	9	8
8641	9	8
8642	9	8
8643	9	8
8645	9	8
8649	9	8
8657	9	8
8659	9	8
8660	9	8
8663	9	8
8665	9	8
8668	9	8
8669	9	8
8671	9	8
8675	9	8
8676	9	8
8678	9	8
8679	9	8
8712	9	8
8715	9	8
8716	9	8
8717	9	8
8718	9	8
8720	9	8
8722	9	8
8723	9	8
8724	9	8
8725	9	8
8726	9	8
8727	9	8
8728	9	8
8731	9	8
8732	9	8
8733	9	8
8735	9	8
8736	9	8
9110	9	9
9111	9	9
9114	9	9
9666	9	10
9905	9	10
9920	9	10
9922	9	10
9985	9	10
9986	9	10
9988	9	10
10229	9	11
10321	9	11
10730	9	11
10845	9	11
10984	9	11
11202	9	12
11203	9	12
11204	9	12
11208	9	12
11209	9	12
11212	9	12
11213	9	12
11214	9	12
11216	9	12
11217	9	12
11219	9	12
11220	9	12
11221	9	12
11223	9	12
11224	9	12
11225	9	12
11226	9	12
11228	9	12
11408	9	12
11670	9	12
11672	9	12
11693	9	12
11697	9	12
12238	9	14
12242	9	14
12345	9	14
13161	9	15
13207	9	16
13609	9	16
13611	9	16
13612	9	16
13613	9	16
13614	9	16
13948	9	17
14521	9	17
14686	9	18
14689	9	18
14690	9	18
14691	9	18
14692	9	18
14878	9	19
14888	9	19
14890	9	19
15082	9	19
15196	9	19
15589	9	20
16093	9	22
16110	9	22
16113	9	22
16267	9	X
16269	9	X
16271	9	X
16283	9	X
16286	9	X
16314	9	X
16317	9	X
16483	9	X
16888	9	X
17357	9	X
17376	9	X
17460	9	X
17489	9	X
17503	9	X
129	10	1
327	10	1
328	10	1
974	10	1
975	10	1
977	10	1
979	10	1
982	10	1
983	10	1
997	10	1
1109	10	1
1352	10	1
1485	10	2
2457	10	2
2995	10	3
3107	10	3
4156	10	4
4162	10	4
6622	10	6
6624	10	6
7162	10	7
7282	10	7
7283	10	7
7284	10	7
7285	10	7
7286	10	7
7316	10	7
7548	10	7
7549	10	7
8613	10	8
8630	10	8
8764	10	9
8773	10	9
8775	10	9
8776	10	9
8777	10	9
8779	10	9
8781	10	9
8784	10	9
8785	10	9
8787	10	9
8788	10	9
8791	10	9
8795	10	9
8797	10	9
8804	10	9
8807	10	9
8808	10	9
8809	10	9
8810	10	9
8811	10	9
8814	10	9
8815	10	9
8816	10	9
8818	10	9
8819	10	9
8820	10	9
8825	10	9
8829	10	9
8831	10	9
8833	10	9
8834	10	9
8835	10	9
8837	10	9
8838	10	9
8842	10	9
8850	10	9
8853	10	9
8857	10	9
8859	10	9
8860	10	9
8861	10	9
8862	10	9
8863	10	9
8866	10	9
8870	10	9
8873	10	9
8874	10	9
8877	10	9
8878	10	9
8879	10	9
8880	10	9
8882	10	9
8884	10	9
8887	10	9
8891	10	9
8892	10	9
8893	10	9
8896	10	9
8897	10	9
8898	10	9
8899	10	9
8902	10	9
8906	10	9
8908	10	9
8910	10	9
8911	10	9
8912	10	9
8913	10	9
8914	10	9
8915	10	9
8916	10	9
8917	10	9
8922	10	9
8923	10	9
8924	10	9
8925	10	9
8926	10	9
8927	10	9
8928	10	9
8929	10	9
8931	10	9
8932	10	9
8934	10	9
8939	10	9
8946	10	9
8947	10	9
9128	10	9
9445	10	9
9547	10	10
9548	10	10
9549	10	10
9553	10	10
9554	10	10
9555	10	10
9557	10	10
9558	10	10
9561	10	10
9704	10	10
9731	10	10
10416	10	11
10913	10	11
10920	10	11
10921	10	11
10926	10	11
10928	10	11
10929	10	11
10931	10	11
10933	10	11
10934	10	11
10935	10	11
10936	10	11
10937	10	11
10939	10	11
10954	10	11
10965	10	11
10966	10	11
10969	10	11
11332	10	12
11572	10	12
12264	10	14
12417	10	14
12642	10	14
12646	10	14
12647	10	14
12649	10	14
12650	10	14
13615	10	16
13616	10	16
13829	10	16
13831	10	16
13833	10	16
13836	10	16
14259	10	17
14403	10	17
14409	10	17
14598	10	18
14775	10	18
14776	10	18
14779	10	18
15402	10	19
15908	10	21
15913	10	21
15916	10	21
15936	10	21
16423	10	X
16509	10	X
16531	10	X
16626	10	X
16663	10	X
16982	10	X
17411	10	X
214	11	1
252	11	1
253	11	1
254	11	1
255	11	1
257	11	1
688	11	1
1002	11	1
1029	11	1
1030	11	1
1037	11	1
1202	11	1
1203	11	1
1273	11	1
3036	11	3
3086	11	3
3316	11	3
4086	11	4
4088	11	4
4092	11	4
5475	11	5
6324	11	6
6326	11	6
8058	11	8
8059	11	8
8060	11	8
8062	11	8
8063	11	8
8064	11	8
8065	11	8
8068	11	8
8069	11	8
8071	11	8
8074	11	8
8075	11	8
8658	11	8
8827	11	9
8828	11	9
8858	11	9
9106	11	9
9107	11	9
9174	11	9
9175	11	9
9178	11	9
9179	11	9
9183	11	9
9205	11	9
9208	11	9
9209	11	9
9213	11	9
9220	11	9
9221	11	9
9223	11	9
9228	11	9
9241	11	9
9245	11	9
9270	11	9
9271	11	9
9275	11	9
9292	11	9
9293	11	9
9297	11	9
9299	11	9
9300	11	9
9303	11	9
9304	11	9
9306	11	9
9308	11	9
9310	11	9
9312	11	9
9316	11	9
9319	11	9
9320	11	9
9323	11	9
9325	11	9
9327	11	9
9328	11	9
9329	11	9
9332	11	9
9333	11	9
9334	11	9
9335	11	9
9339	11	9
9341	11	9
9342	11	9
9343	11	9
9344	11	9
9349	11	9
9352	11	9
9356	11	9
9357	11	9
9359	11	9
9360	11	9
9363	11	9
9364	11	9
9366	11	9
9367	11	9
9368	11	9
9369	11	9
9372	11	9
9374	11	9
9379	11	9
9380	11	9
9383	11	9
9384	11	9
9393	11	9
9394	11	9
9396	11	9
9406	11	9
9442	11	9
9444	11	9
9448	11	9
9463	11	9
10943	11	11
10944	11	11
10945	11	11
10947	11	11
10950	11	11
11122	11	12
11762	11	12
11806	11	12
11818	11	12
12069	11	13
12594	11	14
12595	11	14
12598	11	14
13355	11	16
13885	11	17
14491	11	17
14766	11	18
14927	11	19
14932	11	19
14934	11	19
15103	11	19
15245	11	19
15247	11	19
15248	11	19
15250	11	19
15252	11	19
15256	11	19
15259	11	19
15335	11	19
15409	11	19
15484	11	19
15634	11	20
15637	11	20
16675	11	X
16722	11	X
16738	11	X
16751	11	X
16886	11	X
16893	11	X
16961	11	X
16981	11	X
16983	11	X
16988	11	X
16995	11	X
17000	11	X
17008	11	X
17010	11	X
17012	11	X
17013	11	X
17022	11	X
17024	11	X
17026	11	X
17038	11	X
17197	11	X
17203	11	X
17333	11	X
17335	11	X
17340	11	X
17345	11	X
17358	11	X
17359	11	X
17468	11	X
17564	11	X
122	12	1
392	12	1
440	12	1
459	12	1
747	12	1
1277	12	1
1710	12	2
1712	12	2
1713	12	2
1714	12	2
2208	12	2
2396	12	2
2399	12	2
2723	12	2
2724	12	2
2725	12	2
3451	12	3
3454	12	3
3747	12	3
3748	12	3
3750	12	3
4701	12	4
4747	12	4
5162	12	5
5507	12	5
5936	12	5
6009	12	6
6500	12	6
6510	12	6
7168	12	7
7937	12	7
8451	12	8
8453	12	8
8456	12	8
8680	12	8
8682	12	8
8684	12	8
8849	12	9
9185	12	9
9534	12	10
9541	12	10
9545	12	10
9567	12	10
9592	12	10
9660	12	10
9661	12	10
9662	12	10
9663	12	10
9665	12	10
9669	12	10
9728	12	10
9734	12	10
9745	12	10
9794	12	10
9818	12	10
9819	12	10
9820	12	10
9821	12	10
9822	12	10
9823	12	10
9826	12	10
9827	12	10
9828	12	10
9829	12	10
9830	12	10
9831	12	10
9832	12	10
9833	12	10
9835	12	10
9838	12	10
9839	12	10
9840	12	10
9841	12	10
9843	12	10
9845	12	10
9847	12	10
9848	12	10
9849	12	10
9850	12	10
9852	12	10
9853	12	10
9855	12	10
9856	12	10
9857	12	10
9858	12	10
9860	12	10
9861	12	10
9863	12	10
9865	12	10
9866	12	10
9868	12	10
9869	12	10
9870	12	10
9871	12	10
9873	12	10
9874	12	10
9875	12	10
9885	12	10
9890	12	10
9893	12	10
9894	12	10
9895	12	10
9896	12	10
9918	12	10
9925	12	10
9927	12	10
9931	12	10
9934	12	10
9957	12	10
9961	12	10
9965	12	10
9966	12	10
9967	12	10
9968	12	10
9970	12	10
9971	12	10
9972	12	10
9973	12	10
9974	12	10
9981	12	10
9982	12	10
9983	12	10
10003	12	10
10004	12	10
10005	12	10
10006	12	10
10007	12	10
10008	12	10
10009	12	10
10010	12	10
10011	12	10
10016	12	10
10017	12	10
10032	12	10
10049	12	10
10051	12	10
10057	12	10
10060	12	10
10061	12	10
10064	12	10
10066	12	10
10068	12	10
10070	12	10
10071	12	10
10087	12	10
10088	12	10
10090	12	10
10094	12	10
10095	12	10
10097	12	10
10098	12	10
10099	12	10
10100	12	10
10101	12	10
10103	12	10
10105	12	10
10107	12	10
10108	12	10
10109	12	10
10110	12	10
10111	12	10
10112	12	10
10113	12	10
10114	12	10
10115	12	10
10116	12	10
10118	12	10
10121	12	10
10125	12	10
10127	12	10
10128	12	10
10131	12	10
10132	12	10
10133	12	10
10134	12	10
10136	12	10
10138	12	10
10140	12	10
10141	12	10
10143	12	10
10144	12	10
10146	12	10
10148	12	10
10149	12	10
10150	12	10
10151	12	10
10153	12	10
10156	12	10
10158	12	10
10159	12	10
10161	12	10
10162	12	10
10163	12	10
10164	12	10
10168	12	10
10169	12	10
10172	12	10
10173	12	10
10175	12	10
10176	12	10
10177	12	10
10178	12	10
10179	12	10
10181	12	10
10184	12	10
10185	12	10
10212	12	11
10781	12	11
10846	12	11
11638	12	12
11640	12	12
11968	12	13
11974	12	13
12168	12	13
13037	12	15
13039	12	15
13112	12	15
13114	12	15
13116	12	15
13134	12	15
13136	12	15
13139	12	15
13140	12	15
13141	12	15
13146	12	15
13147	12	15
13148	12	15
13150	12	15
13153	12	15
13158	12	15
13789	12	16
13924	12	17
14145	12	17
14147	12	17
14347	12	17
14349	12	17
15367	12	19
15370	12	19
15669	12	20
16417	12	X
16508	12	X
16512	12	X
16803	12	X
17338	12	X
17428	12	X
17430	12	X
16	13	1
24	13	1
26	13	1
27	13	1
269	13	1
275	13	1
279	13	1
280	13	1
281	13	1
282	13	1
286	13	1
288	13	1
290	13	1
294	13	1
295	13	1
299	13	1
304	13	1
901	13	1
2674	13	2
2675	13	2
2676	13	2
2677	13	2
2678	13	2
2679	13	2
2681	13	2
2683	13	2
2685	13	2
2686	13	2
2688	13	2
2690	13	2
2692	13	2
2693	13	2
2694	13	2
2726	13	2
2732	13	2
2733	13	2
2734	13	2
3022	13	3
3065	13	3
3069	13	3
3070	13	3
3074	13	3
3137	13	3
4126	13	4
4127	13	4
5388	13	5
5390	13	5
5508	13	5
5598	13	5
6318	13	6
6320	13	6
7155	13	7
7156	13	7
7157	13	7
7159	13	7
7160	13	7
7998	13	7
8572	13	8
8573	13	8
8966	13	9
10186	13	10
10190	13	10
10281	13	11
10283	13	11
10284	13	11
11016	13	11
11080	13	12
11083	13	12
11098	13	12
11245	13	12
11247	13	12
11329	13	12
11333	13	12
11352	13	12
11354	13	12
11356	13	12
11357	13	12
12180	13	13
12181	13	13
12183	13	13
12188	13	13
12189	13	13
12190	13	13
12191	13	13
12194	13	13
13475	13	16
14240	13	17
14241	13	17
14369	13	17
14378	13	17
14381	13	17
14424	13	17
14470	13	17
14477	13	17
14478	13	17
15332	13	19
15345	13	19
15707	13	20
15715	13	20
15723	13	20
15724	13	20
15726	13	20
15728	13	20
15734	13	20
15740	13	20
15746	13	20
15747	13	20
15748	13	20
15755	13	20
15760	13	20
15763	13	20
15764	13	20
15768	13	20
15769	13	20
15772	13	20
15773	13	20
15776	13	20
15777	13	20
15780	13	20
16179	13	22
16458	13	X
16920	13	X
17191	13	X
17253	13	X
102	14	1
105	14	1
177	14	1
1727	14	2
1728	14	2
2152	14	2
2153	14	2
2159	14	2
2379	14	2
2754	14	2
2755	14	2
3027	14	3
3030	14	3
3345	14	3
4024	14	4
5678	14	5
5680	14	5
6058	14	6
6059	14	6
6061	14	6
6065	14	6
6362	14	6
7503	14	7
7608	14	7
7610	14	7
7648	14	7
9229	14	9
9231	14	9
9521	14	10
9523	14	10
10022	14	10
10285	14	11
10290	14	11
10295	14	11
10297	14	11
10298	14	11
10300	14	11
10302	14	11
10303	14	11
10305	14	11
10306	14	11
10309	14	11
10311	14	11
10312	14	11
10313	14	11
10324	14	11
10325	14	11
10328	14	11
10330	14	11
10332	14	11
10335	14	11
10337	14	11
10339	14	11
10340	14	11
10342	14	11
10347	14	11
10348	14	11
10349	14	11
10351	14	11
10352	14	11
10355	14	11
10359	14	11
10360	14	11
10365	14	11
10367	14	11
10370	14	11
10371	14	11
10372	14	11
10373	14	11
10376	14	11
10377	14	11
10379	14	11
10380	14	11
10381	14	11
10382	14	11
10384	14	11
10386	14	11
10387	14	11
10388	14	11
10390	14	11
10392	14	11
10395	14	11
10396	14	11
10397	14	11
10400	14	11
10402	14	11
10403	14	11
10411	14	11
10422	14	11
10424	14	11
10426	14	11
10430	14	11
10435	14	11
10437	14	11
10438	14	11
10439	14	11
10440	14	11
10442	14	11
10444	14	11
10445	14	11
10447	14	11
10448	14	11
10456	14	11
10457	14	11
10458	14	11
10459	14	11
10461	14	11
10465	14	11
10466	14	11
10470	14	11
10471	14	11
10474	14	11
10478	14	11
10479	14	11
10482	14	11
10483	14	11
10486	14	11
10499	14	11
10504	14	11
10505	14	11
10555	14	11
10560	14	11
10564	14	11
10566	14	11
10568	14	11
10570	14	11
10574	14	11
10575	14	11
10582	14	11
10587	14	11
10588	14	11
10592	14	11
10597	14	11
10598	14	11
10599	14	11
10600	14	11
10603	14	11
10604	14	11
10614	14	11
10616	14	11
10618	14	11
10621	14	11
10651	14	11
10653	14	11
10658	14	11
10661	14	11
10666	14	11
10687	14	11
10691	14	11
10692	14	11
10696	14	11
10713	14	11
10715	14	11
10716	14	11
10719	14	11
10720	14	11
10721	14	11
10723	14	11
10724	14	11
10726	14	11
10728	14	11
11025	14	11
11050	14	12
11052	14	12
11057	14	12
11059	14	12
11060	14	12
11061	14	12
11062	14	12
11063	14	12
11064	14	12
11065	14	12
11260	14	12
11263	14	12
11326	14	12
11535	14	12
11749	14	12
11760	14	12
11765	14	12
12307	14	14
14223	14	17
15342	14	19
15343	14	19
16011	14	22
16099	14	22
16278	14	X
16279	14	X
16280	14	X
16469	14	X
16660	14	X
17103	14	X
17219	14	X
17220	14	X
17329	14	X
675	15	1
863	15	1
874	15	1
878	15	1
1750	15	2
1751	15	2
1960	15	2
2005	15	2
2007	15	2
2009	15	2
3023	15	3
3026	15	3
3861	15	4
3862	15	4
4625	15	4
6084	15	6
6086	15	6
6108	15	6
6109	15	6
6203	15	6
7023	15	7
7025	15	7
7643	15	7
8034	15	8
8164	15	8
8166	15	8
8168	15	8
8169	15	8
8170	15	8
8171	15	8
8172	15	8
8221	15	8
8272	15	8
8275	15	8
8429	15	8
8710	15	8
8711	15	8
9214	15	9
9215	15	9
9282	15	9
9284	15	9
9291	15	9
9305	15	9
9472	15	10
9484	15	10
9491	15	10
9495	15	10
9497	15	10
9500	15	10
9504	15	10
9508	15	10
9509	15	10
9511	15	10
9512	15	10
9513	15	10
9515	15	10
9516	15	10
9520	15	10
9528	15	10
9530	15	10
9563	15	10
9564	15	10
9565	15	10
9566	15	10
9569	15	10
9575	15	10
9576	15	10
9577	15	10
9579	15	10
9580	15	10
9581	15	10
9582	15	10
9583	15	10
9584	15	10
9586	15	10
9587	15	10
9588	15	10
9589	15	10
9590	15	10
9593	15	10
9594	15	10
9597	15	10
9599	15	10
9600	15	10
9601	15	10
9604	15	10
9606	15	10
9608	15	10
9610	15	10
9612	15	10
9614	15	10
9617	15	10
9619	15	10
9621	15	10
9623	15	10
9625	15	10
9627	15	10
9630	15	10
9633	15	10
9634	15	10
9635	15	10
9638	15	10
9640	15	10
9644	15	10
9646	15	10
9648	15	10
9651	15	10
9652	15	10
9653	15	10
9990	15	10
10315	15	11
10320	15	11
10591	15	11
10601	15	11
10606	15	11
10611	15	11
10612	15	11
10732	15	11
10742	15	11
10743	15	11
10961	15	11
10972	15	11
11002	15	11
11005	15	11
11008	15	11
11009	15	11
11011	15	11
11012	15	11
11013	15	11
11014	15	11
11015	15	11
11293	15	12
12055	15	13
12103	15	13
12359	15	14
12629	15	14
12637	15	14
12934	15	15
12938	15	15
14539	15	18
14543	15	18
14544	15	18
14545	15	18
14548	15	18
14550	15	18
14554	15	18
14555	15	18
14556	15	18
14557	15	18
14558	15	18
14559	15	18
14560	15	18
14566	15	18
14567	15	18
14568	15	18
14570	15	18
14571	15	18
14574	15	18
14577	15	18
14578	15	18
14585	15	18
14586	15	18
14587	15	18
14589	15	18
14595	15	18
14646	15	18
14648	15	18
14649	15	18
14651	15	18
14652	15	18
14653	15	18
14654	15	18
14656	15	18
14657	15	18
14661	15	18
14664	15	18
14665	15	18
14666	15	18
14668	15	18
14669	15	18
14671	15	18
14672	15	18
14673	15	18
14674	15	18
14675	15	18
14676	15	18
14677	15	18
14678	15	18
14688	15	18
14701	15	18
14706	15	18
14707	15	18
14709	15	18
14711	15	18
14712	15	18
14713	15	18
14714	15	18
14716	15	18
14717	15	18
14718	15	18
14720	15	18
14721	15	18
14724	15	18
14725	15	18
14726	15	18
14727	15	18
14732	15	18
14751	15	18
14754	15	18
14759	15	18
14760	15	18
14761	15	18
14762	15	18
14763	15	18
14767	15	18
14768	15	18
14770	15	18
14771	15	18
14782	15	18
14783	15	18
14784	15	18
14785	15	18
14787	15	18
14788	15	18
14789	15	18
14790	15	18
14793	15	18
14794	15	18
14795	15	18
14796	15	18
14798	15	18
14799	15	18
14800	15	18
14801	15	18
14803	15	18
14804	15	18
14805	15	18
14806	15	18
14807	15	18
14808	15	18
14810	15	18
14815	15	18
14816	15	18
14817	15	18
14819	15	18
14821	15	18
14824	15	18
14825	15	18
14830	15	18
14840	15	18
15422	15	19
15423	15	19
15782	15	20
15785	15	20
17178	15	X
17339	15	X
17346	15	X
4	16	1
61	16	1
908	16	1
1938	16	2
2720	16	2
2721	16	2
2722	16	2
3596	16	3
7731	16	7
8223	16	8
8276	16	8
8996	16	9
8999	16	9
9289	16	9
9720	16	10
9837	16	10
10517	16	11
10745	16	11
10746	16	11
10749	16	11
10750	16	11
10751	16	11
10753	16	11
10754	16	11
10756	16	11
10757	16	11
10758	16	11
10759	16	11
10760	16	11
10768	16	11
10769	16	11
10771	16	11
10772	16	11
10773	16	11
10774	16	11
10776	16	11
10777	16	11
10784	16	11
10786	16	11
10787	16	11
10797	16	11
10831	16	11
10832	16	11
10833	16	11
10834	16	11
10835	16	11
10837	16	11
10838	16	11
10839	16	11
10842	16	11
10843	16	11
10844	16	11
10860	16	11
10861	16	11
10862	16	11
10863	16	11
10865	16	11
10866	16	11
10867	16	11
10868	16	11
10869	16	11
10872	16	11
10873	16	11
10874	16	11
10875	16	11
10877	16	11
10883	16	11
10884	16	11
10888	16	11
10889	16	11
10890	16	11
10892	16	11
10893	16	11
10897	16	11
10900	16	11
10901	16	11
10902	16	11
10903	16	11
10906	16	11
10940	16	11
10941	16	11
12614	16	14
12615	16	14
12619	16	14
12792	16	15
12794	16	15
12808	16	15
12809	16	15
12811	16	15
12817	16	15
12818	16	15
12820	16	15
12826	16	15
12828	16	15
12899	16	15
12903	16	15
12904	16	15
12905	16	15
12906	16	15
12907	16	15
12908	16	15
12909	16	15
12910	16	15
12911	16	15
12915	16	15
12917	16	15
12918	16	15
12923	16	15
12924	16	15
12925	16	15
12928	16	15
12933	16	15
12939	16	15
12940	16	15
12942	16	15
12944	16	15
12945	16	15
12947	16	15
12949	16	15
12950	16	15
12951	16	15
12956	16	15
12957	16	15
12958	16	15
12959	16	15
12960	16	15
12962	16	15
12964	16	15
12967	16	15
12968	16	15
12971	16	15
12972	16	15
12974	16	15
12978	16	15
12988	16	15
12994	16	15
12996	16	15
12997	16	15
12998	16	15
12999	16	15
13026	16	15
13077	16	15
13078	16	15
14052	16	17
14055	16	17
14400	16	17
14406	16	17
14490	16	17
14682	16	18
14684	16	18
15766	16	20
16486	16	X
17172	16	X
17293	16	X
17348	16	X
985	17	1
988	17	1
990	17	1
996	17	1
1006	17	1
1019	17	1
1668	17	2
2763	17	2
2764	17	2
2765	17	2
2766	17	2
2767	17	2
2771	17	2
3456	17	3
4175	17	4
4176	17	4
4707	17	4
4709	17	4
5702	17	5
5704	17	5
5706	17	5
5712	17	5
5714	17	5
5717	17	5
5725	17	5
5729	17	5
8268	17	8
10034	17	10
10035	17	10
10036	17	10
10693	17	11
11027	17	11
11029	17	11
11031	17	11
11124	17	12
11128	17	12
11145	17	12
11146	17	12
11147	17	12
11149	17	12
11241	17	12
11284	17	12
11288	17	12
11298	17	12
11299	17	12
11300	17	12
11304	17	12
11306	17	12
11313	17	12
11315	17	12
11316	17	12
11317	17	12
11318	17	12
11319	17	12
11321	17	12
11323	17	12
11864	17	13
12268	17	14
14551	17	18
14630	17	18
14792	17	18
15497	17	20
15499	17	20
15577	17	20
15641	17	20
15644	17	20
15647	17	20
15648	17	20
15655	17	20
15657	17	20
15829	17	21
15830	17	21
15831	17	21
15832	17	21
15834	17	21
15837	17	21
15841	17	21
15842	17	21
15843	17	21
15844	17	21
15847	17	21
15850	17	21
15852	17	21
15853	17	21
15855	17	21
15856	17	21
15858	17	21
15859	17	21
15860	17	21
15862	17	21
15863	17	21
15865	17	21
15871	17	21
15878	17	21
15879	17	21
15884	17	21
15889	17	21
15893	17	21
15894	17	21
15896	17	21
15899	17	21
15901	17	21
15903	17	21
16768	17	X
16770	17	X
17040	17	X
17122	17	X
17262	17	X
17517	17	X
23	18	1
166	18	1
225	18	1
227	18	1
228	18	1
229	18	1
231	18	1
369	18	1
889	18	1
1125	18	1
1167	18	1
1169	18	1
1172	18	1
1216	18	1
1217	18	1
1697	18	2
1699	18	2
1702	18	2
2914	18	3
2918	18	3
2919	18	3
3229	18	3
4943	18	5
5032	18	5
5034	18	5
5240	18	5
5241	18	5
5245	18	5
5761	18	5
5826	18	5
6100	18	6
6107	18	6
9912	18	10
10053	18	10
10414	18	11
10417	18	11
10419	18	11
11020	18	11
11021	18	11
11023	18	11
11024	18	11
11340	18	12
11382	18	12
11386	18	12
11413	18	12
11421	18	12
11428	18	12
11430	18	12
11434	18	12
11435	18	12
11436	18	12
11437	18	12
11438	18	12
11439	18	12
11440	18	12
11441	18	12
11442	18	12
11445	18	12
11448	18	12
11450	18	12
11452	18	12
11455	18	12
11456	18	12
11457	18	12
11458	18	12
11466	18	12
11469	18	12
11470	18	12
11471	18	12
11472	18	12
11473	18	12
11476	18	12
11477	18	12
11480	18	12
11481	18	12
11482	18	12
11485	18	12
11487	18	12
11489	18	12
11491	18	12
11492	18	12
11493	18	12
11494	18	12
11495	18	12
11502	18	12
11503	18	12
11504	18	12
11506	18	12
11508	18	12
11510	18	12
11513	18	12
11516	18	12
11519	18	12
11521	18	12
11522	18	12
11523	18	12
11525	18	12
11526	18	12
11527	18	12
11528	18	12
11530	18	12
11531	18	12
11532	18	12
11533	18	12
11536	18	12
11537	18	12
11538	18	12
11548	18	12
11549	18	12
11550	18	12
11551	18	12
11552	18	12
11553	18	12
11555	18	12
11556	18	12
11560	18	12
11562	18	12
11563	18	12
11566	18	12
11567	18	12
11568	18	12
11569	18	12
11571	18	12
11576	18	12
11585	18	12
11586	18	12
11587	18	12
11589	18	12
11590	18	12
11591	18	12
11592	18	12
11593	18	12
11594	18	12
11596	18	12
11597	18	12
11598	18	12
11599	18	12
11601	18	12
11602	18	12
11603	18	12
11604	18	12
11606	18	12
11607	18	12
11609	18	12
11611	18	12
11612	18	12
11613	18	12
11614	18	12
11615	18	12
11619	18	12
11620	18	12
11623	18	12
11626	18	12
11627	18	12
11628	18	12
11629	18	12
11630	18	12
11631	18	12
11632	18	12
11633	18	12
11634	18	12
11636	18	12
11641	18	12
11642	18	12
11645	18	12
11646	18	12
11647	18	12
11648	18	12
11649	18	12
11650	18	12
11651	18	12
11652	18	12
11655	18	12
11656	18	12
11684	18	12
11685	18	12
11686	18	12
11698	18	12
11700	18	12
11702	18	12
11722	18	12
11726	18	12
11742	18	12
11743	18	12
11767	18	12
11773	18	12
11776	18	12
11778	18	12
11779	18	12
11781	18	12
11782	18	12
11783	18	12
11786	18	12
11787	18	12
11814	18	12
12005	18	13
12295	18	14
12299	18	14
13156	18	15
13160	18	15
13824	18	16
13828	18	16
14018	18	17
14019	18	17
14169	18	17
14337	18	17
14344	18	17
15543	18	20
16039	18	22
16042	18	22
16045	18	22
16054	18	22
17258	18	X
505	19	1
964	19	1
1087	19	1
1088	19	1
1725	19	2
2319	19	2
2321	19	2
2323	19	2
2324	19	2
2327	19	2
2330	19	2
2513	19	2
2855	19	3
2858	19	3
3041	19	3
3110	19	3
3117	19	3
3123	19	3
3866	19	4
3892	19	4
3903	19	4
3904	19	4
3905	19	4
4581	19	4
4985	19	5
5184	19	5
5185	19	5
5190	19	5
5191	19	5
5196	19	5
5197	19	5
6706	19	6
7720	19	7
8492	19	8
9096	19	9
9097	19	9
9188	19	9
9189	19	9
9190	19	9
9192	19	9
9196	19	9
9198	19	9
9204	19	9
11196	19	12
11847	19	13
11851	19	13
11853	19	13
11856	19	13
11857	19	13
11858	19	13
11863	19	13
11867	19	13
11868	19	13
11869	19	13
11871	19	13
11875	19	13
11878	19	13
11879	19	13
11880	19	13
11884	19	13
11885	19	13
11891	19	13
11893	19	13
11894	19	13
11902	19	13
11903	19	13
11906	19	13
11907	19	13
11909	19	13
11911	19	13
11912	19	13
11915	19	13
11916	19	13
11917	19	13
11918	19	13
11919	19	13
11921	19	13
11923	19	13
11925	19	13
11926	19	13
11927	19	13
11928	19	13
11929	19	13
11936	19	13
11937	19	13
11940	19	13
11941	19	13
11942	19	13
11944	19	13
11945	19	13
11948	19	13
11949	19	13
11950	19	13
11951	19	13
11954	19	13
11956	19	13
11975	19	13
11976	19	13
11977	19	13
11978	19	13
11980	19	13
11985	19	13
11986	19	13
11996	19	13
12006	19	13
12007	19	13
12008	19	13
12009	19	13
12011	19	13
12012	19	13
12013	19	13
12015	19	13
12016	19	13
12017	19	13
12018	19	13
12019	19	13
12020	19	13
12021	19	13
12022	19	13
12026	19	13
12028	19	13
12029	19	13
12030	19	13
12036	19	13
12037	19	13
12038	19	13
12039	19	13
12040	19	13
12041	19	13
12042	19	13
12043	19	13
12048	19	13
12049	19	13
12050	19	13
12051	19	13
12052	19	13
12053	19	13
12059	19	13
12060	19	13
12061	19	13
12062	19	13
12065	19	13
12070	19	13
12071	19	13
12073	19	13
12074	19	13
12075	19	13
12076	19	13
12077	19	13
12078	19	13
12079	19	13
12081	19	13
12082	19	13
12084	19	13
12086	19	13
12087	19	13
12088	19	13
12089	19	13
12091	19	13
12093	19	13
12095	19	13
12096	19	13
12097	19	13
12098	19	13
12100	19	13
12101	19	13
12102	19	13
12104	19	13
12105	19	13
12107	19	13
12108	19	13
12109	19	13
12111	19	13
12112	19	13
12113	19	13
12114	19	13
12115	19	13
12116	19	13
12117	19	13
12122	19	13
12123	19	13
12124	19	13
12125	19	13
12126	19	13
12145	19	13
12146	19	13
12147	19	13
12149	19	13
12152	19	13
12153	19	13
12154	19	13
12156	19	13
12158	19	13
12159	19	13
12160	19	13
12161	19	13
12163	19	13
12164	19	13
12165	19	13
12166	19	13
12167	19	13
12169	19	13
12170	19	13
12171	19	13
12172	19	13
12173	19	13
12175	19	13
12176	19	13
12177	19	13
12179	19	13
12225	19	14
12478	19	14
12480	19	14
12482	19	14
12488	19	14
12490	19	14
12493	19	14
12495	19	14
12496	19	14
12498	19	14
12505	19	14
12509	19	14
12510	19	14
12511	19	14
12512	19	14
12514	19	14
12516	19	14
12517	19	14
12621	19	14
12622	19	14
13097	19	15
13100	19	15
13101	19	15
13103	19	15
13108	19	15
13110	19	15
13111	19	15
13579	19	16
13581	19	16
13692	19	16
13796	19	16
13809	19	16
13810	19	16
13814	19	16
13816	19	16
14693	19	18
15428	19	19
15980	19	22
16463	19	X
16723	19	X
17238	19	X
17587	19	X
1104	20	1
1731	20	2
1732	20	2
1733	20	2
1734	20	2
1740	20	2
1770	20	2
3581	20	3
3582	20	3
3987	20	4
4360	20	4
6000	20	6
6003	20	6
6004	20	6
6005	20	6
6006	20	6
6008	20	6
6015	20	6
6321	20	6
6322	20	6
6399	20	6
6577	20	6
6745	20	6
6965	20	7
8015	20	8
8016	20	8
8259	20	8
8327	20	8
8793	20	9
8802	20	9
9276	20	9
9278	20	9
9279	20	9
9280	20	9
9281	20	9
9287	20	9
9540	20	10
9977	20	10
10741	20	11
10957	20	11
10958	20	11
10960	20	11
10990	20	11
10991	20	11
11788	20	12
11793	20	12
12244	20	14
12257	20	14
12261	20	14
12265	20	14
12269	20	14
12271	20	14
12272	20	14
12273	20	14
12274	20	14
12275	20	14
12277	20	14
12280	20	14
12281	20	14
12282	20	14
12283	20	14
12289	20	14
12290	20	14
12291	20	14
12292	20	14
12293	20	14
12294	20	14
12301	20	14
12304	20	14
12309	20	14
12311	20	14
12313	20	14
12314	20	14
12316	20	14
12326	20	14
12332	20	14
12334	20	14
12336	20	14
12341	20	14
12342	20	14
12344	20	14
12349	20	14
12351	20	14
12352	20	14
12353	20	14
12355	20	14
12357	20	14
12358	20	14
12364	20	14
12365	20	14
12368	20	14
12369	20	14
12370	20	14
12372	20	14
12374	20	14
12376	20	14
12377	20	14
12380	20	14
12381	20	14
12387	20	14
12388	20	14
12389	20	14
12391	20	14
12393	20	14
12397	20	14
12398	20	14
12403	20	14
12404	20	14
12407	20	14
12410	20	14
12411	20	14
12413	20	14
12414	20	14
12415	20	14
12416	20	14
12418	20	14
12424	20	14
12425	20	14
12428	20	14
12430	20	14
12432	20	14
12436	20	14
12437	20	14
12438	20	14
12453	20	14
12454	20	14
12455	20	14
12459	20	14
12460	20	14
12462	20	14
12463	20	14
12464	20	14
12466	20	14
12468	20	14
12469	20	14
12470	20	14
12472	20	14
12474	20	14
12481	20	14
12518	20	14
12522	20	14
12523	20	14
12563	20	14
12564	20	14
12566	20	14
12568	20	14
12570	20	14
12572	20	14
12573	20	14
12574	20	14
12575	20	14
12576	20	14
12577	20	14
12578	20	14
12579	20	14
12580	20	14
12581	20	14
12582	20	14
12583	20	14
12586	20	14
12588	20	14
12590	20	14
12591	20	14
12602	20	14
12604	20	14
12855	20	15
12879	20	15
13345	20	16
13356	20	16
13793	20	16
14128	20	17
14504	20	17
14506	20	17
14508	20	17
14520	20	17
14757	20	18
15038	20	19
15042	20	19
15238	20	19
15263	20	19
16091	20	22
16285	20	X
16320	20	X
16322	20	X
16333	20	X
16335	20	X
16338	20	X
16339	20	X
16340	20	X
16342	20	X
16343	20	X
16370	20	X
16375	20	X
16401	20	X
16403	20	X
16405	20	X
16406	20	X
16408	20	X
16410	20	X
16413	20	X
16414	20	X
16415	20	X
16422	20	X
16425	20	X
16428	20	X
16432	20	X
16437	20	X
16439	20	X
16440	20	X
16441	20	X
16442	20	X
16443	20	X
16447	20	X
16448	20	X
16449	20	X
16450	20	X
16453	20	X
16477	20	X
16479	20	X
16519	20	X
16594	20	X
16651	20	X
16670	20	X
16779	20	X
16780	20	X
16790	20	X
16791	20	X
16792	20	X
16793	20	X
16837	20	X
16838	20	X
17168	20	X
17194	20	X
17202	20	X
17542	20	X
67	21	1
978	21	1
1785	21	2
4857	21	4
4858	21	4
4859	21	4
5998	21	6
6028	21	6
6029	21	6
6031	21	6
6033	21	6
6034	21	6
6036	21	6
6037	21	6
6038	21	6
6040	21	6
6042	21	6
6043	21	6
6047	21	6
6114	21	6
6116	21	6
6124	21	6
6127	21	6
6132	21	6
7071	21	7
7559	21	7
7560	21	7
7564	21	7
7632	21	7
7778	21	7
7785	21	7
9780	21	10
9782	21	10
9784	21	10
10218	21	11
10223	21	11
10225	21	11
10228	21	11
10230	21	11
11349	21	12
13051	21	15
13052	21	15
13053	21	15
13055	21	15
13079	21	15
13081	21	15
13084	21	15
13090	21	15
13093	21	15
13094	21	15
13113	21	15
14113	21	17
14168	21	17
15164	21	19
15317	21	19
15318	21	19
15319	21	19
15521	21	20
15522	21	20
15677	21	20
15679	21	20
15681	21	20
15682	21	20
15683	21	20
15686	21	20
15687	21	20
15688	21	20
15689	21	20
15690	21	20
15691	21	20
15692	21	20
15694	21	20
15697	21	20
15699	21	20
15701	21	20
15732	21	20
15927	21	21
15929	21	21
16067	21	22
16073	21	22
16134	21	22
16135	21	22
16294	21	X
17466	21	X
17567	21	X
17569	21	X
17647	21	X
1782	22	2
1784	22	2
2028	22	2
3076	22	3
3087	22	3
4132	22	4
5531	22	5
5532	22	5
5533	22	5
5711	22	5
6098	22	6
6101	22	6
6102	22	6
6103	22	6
6457	22	6
6464	22	6
6955	22	7
7004	22	7
7005	22	7
7049	22	7
7050	22	7
7052	22	7
7055	22	7
8277	22	8
8706	22	8
8709	22	8
8742	22	8
8744	22	8
8747	22	8
9131	22	9
9136	22	9
9137	22	9
9138	22	9
9140	22	9
9143	22	9
9144	22	9
9146	22	9
9150	22	9
9152	22	9
9153	22	9
9155	22	9
9160	22	9
9161	22	9
9163	22	9
9164	22	9
9165	22	9
9171	22	9
9407	22	9
10073	22	10
11667	22	12
13042	22	15
13043	22	15
13091	22	15
13217	22	16
13225	22	16
13227	22	16
13228	22	16
13233	22	16
13235	22	16
13239	22	16
13240	22	16
13247	22	16
13248	22	16
13251	22	16
13252	22	16
13253	22	16
13313	22	16
13314	22	16
13315	22	16
13620	22	16
13621	22	16
13622	22	16
13624	22	16
13629	22	16
13630	22	16
13631	22	16
13635	22	16
13638	22	16
13640	22	16
13641	22	16
13643	22	16
13646	22	16
13647	22	16
13649	22	16
13650	22	16
13651	22	16
13652	22	16
13653	22	16
13656	22	16
13658	22	16
13661	22	16
13664	22	16
13665	22	16
13666	22	16
13668	22	16
13670	22	16
13671	22	16
13672	22	16
13673	22	16
13818	22	16
13921	22	17
13983	22	17
14002	22	17
14269	22	17
14352	22	17
14353	22	17
14355	22	17
14356	22	17
14360	22	17
14362	22	17
14363	22	17
14365	22	17
14448	22	17
14458	22	17
14460	22	17
14462	22	17
14463	22	17
14464	22	17
14465	22	17
14466	22	17
14467	22	17
14468	22	17
14469	22	17
14497	22	17
14511	22	17
14514	22	17
14704	22	18
14740	22	18
14741	22	18
14744	22	18
14745	22	18
14747	22	18
14749	22	18
14826	22	18
14827	22	18
14871	22	19
15056	22	19
15097	22	19
15101	22	19
15106	22	19
15226	22	19
15229	22	19
16115	22	22
16487	22	X
16496	22	X
16514	22	X
16969	22	X
17001	22	X
17006	22	X
39	23	1
40	23	1
45	23	1
93	23	1
94	23	1
96	23	1
3234	23	3
3235	23	3
3236	23	3
3238	23	3
3447	23	3
4305	23	4
4307	23	4
7171	23	7
7315	23	7
7317	23	7
7318	23	7
7322	23	7
7323	23	7
7350	23	7
7353	23	7
7365	23	7
7366	23	7
7369	23	7
7372	23	7
7418	23	7
7440	23	7
7486	23	7
7487	23	7
7489	23	7
7491	23	7
8507	23	8
8509	23	8
8514	23	8
9737	23	10
9738	23	10
9742	23	10
10472	23	11
11026	23	11
11041	23	12
11043	23	12
11182	23	12
11186	23	12
11966	23	13
11967	23	13
12199	23	13
12232	23	14
12233	23	14
12847	23	15
12850	23	15
12851	23	15
13359	23	16
13495	23	16
13498	23	16
13522	23	16
13591	23	16
13599	23	16
13600	23	16
13604	23	16
13606	23	16
13608	23	16
13715	23	16
13766	23	16
13767	23	16
13771	23	16
13773	23	16
13783	23	16
14428	23	17
14456	23	17
14597	23	18
14753	23	18
14777	23	18
14778	23	18
15091	23	19
15137	23	19
15142	23	19
15146	23	19
15147	23	19
15148	23	19
15149	23	19
15158	23	19
15161	23	19
15165	23	19
15168	23	19
15179	23	19
15183	23	19
15186	23	19
15190	23	19
15191	23	19
15192	23	19
15195	23	19
15197	23	19
15210	23	19
15211	23	19
15214	23	19
15215	23	19
15217	23	19
15218	23	19
15219	23	19
15220	23	19
15221	23	19
15223	23	19
15242	23	19
15261	23	19
15270	23	19
15293	23	19
15445	23	19
16732	23	X
16891	23	X
16902	23	X
17176	23	X
17177	23	X
17303	23	X
17306	23	X
17309	23	X
17312	23	X
17399	23	X
17401	23	X
17406	23	X
17640	23	X
4120	24	4
6985	24	7
6986	24	7
6987	24	7
7516	24	7
7881	24	7
8767	24	9
8771	24	9
9101	24	9
9102	24	9
9103	24	9
13949	24	17
13960	24	17
15426	24	19
15430	24	19
15480	24	19
15481	24	19
15483	24	19
15487	24	19
15489	24	19
16022	24	22
16029	24	22
16082	24	22
16085	24	22
16086	24	22
16102	24	22
16103	24	22
16104	24	22
16156	24	22
16159	24	22
16162	24	22
16164	24	22
16166	24	22
16169	24	22
16171	24	22
16172	24	22
16173	24	22
16175	24	22
3077	25	3
3080	25	3
4035	25	4
6204	25	6
6675	25	6
8309	25	8
8344	25	8
8430	25	8
8489	25	8
8490	25	8
10712	25	11
10767	25	11
10798	25	11
10987	25	11
10989	25	11
11051	25	12
11362	25	12
11964	25	13
11965	25	13
12092	25	13
13598	25	16
13602	25	16
13617	25	16
13618	25	16
15408	25	19
15923	25	21
16123	25	22
16124	25	22
16129	25	22
16582	25	X
16741	25	X
16742	25	X
16744	25	X
16783	25	X
16836	25	X
16878	25	X
16879	25	X
16907	25	X
16935	25	X
16978	25	X
16984	25	X
16990	25	X
17002	25	X
17011	25	X
17015	25	X
17019	25	X
17027	25	X
17028	25	X
17029	25	X
17031	25	X
17037	25	X
17039	25	X
17042	25	X
17043	25	X
17044	25	X
17045	25	X
17046	25	X
17048	25	X
17049	25	X
17050	25	X
17051	25	X
17052	25	X
17053	25	X
17054	25	X
17055	25	X
17057	25	X
17058	25	X
17059	25	X
17062	25	X
17066	25	X
17067	25	X
17069	25	X
17070	25	X
17071	25	X
17074	25	X
17075	25	X
17205	25	X
17210	25	X
17225	25	X
17227	25	X
17228	25	X
17229	25	X
17234	25	X
17236	25	X
17237	25	X
17239	25	X
17242	25	X
17243	25	X
17247	25	X
17249	25	X
17252	25	X
17257	25	X
17265	25	X
17268	25	X
17269	25	X
17271	25	X
17272	25	X
17273	25	X
17274	25	X
17277	25	X
17282	25	X
17284	25	X
17286	25	X
17287	25	X
17289	25	X
17290	25	X
17292	25	X
17298	25	X
17301	25	X
17307	25	X
17360	25	X
17364	25	X
17367	25	X
17368	25	X
17369	25	X
17378	25	X
17380	25	X
17381	25	X
17383	25	X
17384	25	X
17386	25	X
17388	25	X
17389	25	X
17390	25	X
17392	25	X
17393	25	X
17409	25	X
17414	25	X
17419	25	X
17421	25	X
17438	25	X
17451	25	X
17459	25	X
17461	25	X
17462	25	X
17464	25	X
17470	25	X
17472	25	X
17475	25	X
17476	25	X
17479	25	X
17488	25	X
17501	25	X
17513	25	X
17516	25	X
17522	25	X
17524	25	X
17526	25	X
17528	25	X
17544	25	X
17545	25	X
17546	25	X
17547	25	X
17548	25	X
17552	25	X
17559	25	X
17560	25	X
17561	25	X
17562	25	X
17570	25	X
17571	25	X
17597	25	X
17607	25	X
17609	25	X
17610	25	X
17611	25	X
17612	25	X
