95	0	1
124	0	1
128	0	1
130	0	1
133	0	1
136	0	1
138	0	1
141	0	1
145	0	1
147	0	1
149	0	1
153	0	1
167	0	1
174	0	1
178	0	1
200	0	1
201	0	1
202	0	1
203	0	1
204	0	1
208	0	1
226	0	1
233	0	1
237	0	1
245	0	1
247	0	1
249	0	1
261	0	1
264	0	1
352	0	1
357	0	1
361	0	1
364	0	1
368	0	1
373	0	1
374	0	1
375	0	1
376	0	1
377	0	1
378	0	1
379	0	1
380	0	1
381	0	1
382	0	1
383	0	1
384	0	1
389	0	1
393	0	1
404	0	1
406	0	1
409	0	1
410	0	1
412	0	1
413	0	1
414	0	1
415	0	1
417	0	1
418	0	1
419	0	1
420	0	1
421	0	1
423	0	1
425	0	1
427	0	1
429	0	1
431	0	1
433	0	1
434	0	1
438	0	1
439	0	1
441	0	1
442	0	1
443	0	1
444	0	1
445	0	1
446	0	1
447	0	1
449	0	1
450	0	1
451	0	1
452	0	1
455	0	1
465	0	1
466	0	1
470	0	1
471	0	1
473	0	1
474	0	1
475	0	1
476	0	1
477	0	1
478	0	1
481	0	1
482	0	1
483	0	1
484	0	1
486	0	1
487	0	1
506	0	1
511	0	1
515	0	1
516	0	1
519	0	1
520	0	1
523	0	1
524	0	1
525	0	1
526	0	1
527	0	1
528	0	1
529	0	1
530	0	1
531	0	1
532	0	1
534	0	1
535	0	1
536	0	1
545	0	1
547	0	1
551	0	1
552	0	1
553	0	1
556	0	1
559	0	1
560	0	1
561	0	1
562	0	1
563	0	1
565	0	1
566	0	1
567	0	1
568	0	1
569	0	1
571	0	1
572	0	1
574	0	1
575	0	1
576	0	1
577	0	1
579	0	1
580	0	1
590	0	1
593	0	1
594	0	1
595	0	1
596	0	1
597	0	1
598	0	1
618	0	1
620	0	1
621	0	1
622	0	1
623	0	1
627	0	1
628	0	1
629	0	1
630	0	1
631	0	1
632	0	1
633	0	1
634	0	1
635	0	1
639	0	1
662	0	1
663	0	1
670	0	1
677	0	1
682	0	1
683	0	1
692	0	1
696	0	1
711	0	1
713	0	1
717	0	1
718	0	1
719	0	1
723	0	1
726	0	1
729	0	1
733	0	1
891	0	1
892	0	1
898	0	1
899	0	1
909	0	1
924	0	1
926	0	1
927	0	1
930	0	1
931	0	1
935	0	1
936	0	1
937	0	1
939	0	1
942	0	1
944	0	1
947	0	1
948	0	1
952	0	1
953	0	1
965	0	1
968	0	1
970	0	1
994	0	1
1003	0	1
1004	0	1
1012	0	1
1014	0	1
1015	0	1
1016	0	1
1020	0	1
1021	0	1
1023	0	1
1025	0	1
1026	0	1
1027	0	1
1031	0	1
1032	0	1
1033	0	1
1038	0	1
1040	0	1
1045	0	1
1047	0	1
1048	0	1
1051	0	1
1060	0	1
1061	0	1
1062	0	1
1063	0	1
1066	0	1
1068	0	1
1069	0	1
1070	0	1
1071	0	1
1073	0	1
1077	0	1
1078	0	1
1080	0	1
1081	0	1
1082	0	1
1084	0	1
1085	0	1
1090	0	1
1091	0	1
1092	0	1
1093	0	1
1095	0	1
1097	0	1
1098	0	1
1100	0	1
1101	0	1
1102	0	1
1106	0	1
1107	0	1
1108	0	1
1110	0	1
1111	0	1
1112	0	1
1121	0	1
1124	0	1
1126	0	1
1127	0	1
1131	0	1
1134	0	1
1143	0	1
1146	0	1
1148	0	1
1150	0	1
1151	0	1
1153	0	1
1155	0	1
1158	0	1
1177	0	1
1179	0	1
1185	0	1
1186	0	1
1187	0	1
1188	0	1
1192	0	1
1193	0	1
1194	0	1
1197	0	1
1205	0	1
1206	0	1
1207	0	1
1208	0	1
1209	0	1
1213	0	1
1218	0	1
1219	0	1
1222	0	1
1224	0	1
1226	0	1
1231	0	1
1232	0	1
1233	0	1
1234	0	1
1235	0	1
1237	0	1
1238	0	1
1240	0	1
1241	0	1
1244	0	1
1250	0	1
1256	0	1
1263	0	1
1274	0	1
1278	0	1
1279	0	1
1280	0	1
1281	0	1
1282	0	1
1283	0	1
1284	0	1
1285	0	1
1287	0	1
1290	0	1
1295	0	1
1299	0	1
1301	0	1
1302	0	1
1308	0	1
1309	0	1
1310	0	1
1313	0	1
1315	0	1
1319	0	1
1324	0	1
1325	0	1
1326	0	1
1332	0	1
1334	0	1
1340	0	1
1341	0	1
1342	0	1
1345	0	1
1347	0	1
1354	0	1
1426	0	2
2201	0	2
2386	0	2
2482	0	2
2506	0	2
2680	0	2
3012	0	3
3013	0	3
3398	0	3
3441	0	3
3445	0	3
3449	0	3
3450	0	3
3559	0	3
4331	0	4
4333	0	4
4477	0	4
4484	0	4
4485	0	4
4635	0	4
4837	0	4
4841	0	4
4894	0	5
4907	0	5
4909	0	5
4912	0	5
4916	0	5
4917	0	5
4942	0	5
4957	0	5
4962	0	5
4965	0	5
4966	0	5
4967	0	5
4968	0	5
5338	0	5
5595	0	5
5597	0	5
5833	0	5
6066	0	6
6067	0	6
6069	0	6
6071	0	6
6072	0	6
6073	0	6
6075	0	6
6076	0	6
6079	0	6
6138	0	6
6391	0	6
6393	0	6
6402	0	6
6422	0	6
6483	0	6
6889	0	6
6890	0	6
6891	0	6
6892	0	6
6905	0	6
6906	0	6
6907	0	6
6908	0	6
6909	0	6
6910	0	6
6911	0	6
6912	0	6
7739	0	7
7930	0	7
7989	0	7
8425	0	8
8427	0	8
8750	0	8
8757	0	8
8824	0	9
9116	0	9
9117	0	9
9118	0	9
9119	0	9
9121	0	9
9122	0	9
9124	0	9
9677	0	10
9882	0	10
9979	0	10
10200	0	10
10207	0	10
10689	0	11
10975	0	11
10976	0	11
11066	0	12
11067	0	12
11070	0	12
11111	0	12
11335	0	12
11338	0	12
11394	0	12
11399	0	12
11498	0	12
11501	0	12
12760	0	15
12761	0	15
12926	0	15
12927	0	15
13000	0	15
13002	0	15
13003	0	15
13004	0	15
13005	0	15
13008	0	15
13009	0	15
13012	0	15
13015	0	15
13016	0	15
13021	0	15
13032	0	15
13033	0	15
13035	0	15
13036	0	15
13191	0	16
13369	0	16
13580	0	16
13690	0	16
13712	0	16
13761	0	16
13798	0	16
13799	0	16
13801	0	16
13802	0	16
13803	0	16
13805	0	16
13808	0	16
13974	0	17
13975	0	17
13976	0	17
13978	0	17
13981	0	17
13982	0	17
14130	0	17
14158	0	17
14429	0	17
14528	0	17
14738	0	18
14828	0	18
14994	0	19
15080	0	19
15264	0	19
15274	0	19
15311	0	19
15349	0	19
15362	0	19
15380	0	19
15425	0	19
15473	0	19
15477	0	19
15512	0	20
15515	0	20
15518	0	20
15519	0	20
15528	0	20
15529	0	20
15530	0	20
15531	0	20
15532	0	20
15533	0	20
15542	0	20
15544	0	20
15545	0	20
15547	0	20
15549	0	20
15550	0	20
15551	0	20
15555	0	20
15559	0	20
15561	0	20
15562	0	20
15563	0	20
15568	0	20
15570	0	20
15571	0	20
15572	0	20
15573	0	20
15575	0	20
15579	0	20
15581	0	20
15582	0	20
15583	0	20
15585	0	20
15587	0	20
15659	0	20
15662	0	20
15666	0	20
15912	0	21
16064	0	22
16065	0	22
16080	0	22
16268	0	X
16774	0	X
17007	0	X
17169	0	X
17263	0	X
17264	0	X
17471	0	X
17477	0	X
17480	0	X
17628	0	X
309	1	1
676	1	1
699	1	1
700	1	1
701	1	1
707	1	1
998	1	1
1001	1	1
1251	1	1
1261	1	1
1392	1	2
1393	1	2
1396	1	2
1397	1	2
1398	1	2
1399	1	2
1403	1	2
1404	1	2
1408	1	2
1409	1	2
1410	1	2
1411	1	2
1412	1	2
1413	1	2
1414	1	2
1417	1	2
1418	1	2
1419	1	2
1420	1	2
1422	1	2
1424	1	2
1428	1	2
1431	1	2
1433	1	2
1434	1	2
1437	1	2
1439	1	2
1440	1	2
1441	1	2
1442	1	2
1443	1	2
1445	1	2
1449	1	2
1450	1	2
1451	1	2
1454	1	2
1455	1	2
1456	1	2
1457	1	2
1458	1	2
1460	1	2
1461	1	2
1462	1	2
1463	1	2
1464	1	2
1465	1	2
1468	1	2
1470	1	2
1471	1	2
1472	1	2
1473	1	2
1474	1	2
1475	1	2
1476	1	2
1478	1	2
1479	1	2
1480	1	2
1483	1	2
1484	1	2
1488	1	2
1493	1	2
1495	1	2
1501	1	2
1505	1	2
1506	1	2
1509	1	2
1515	1	2
1519	1	2
1522	1	2
1523	1	2
1526	1	2
1530	1	2
1533	1	2
1534	1	2
1536	1	2
1537	1	2
1539	1	2
1540	1	2
1541	1	2
1549	1	2
1551	1	2
1553	1	2
1556	1	2
1557	1	2
1559	1	2
1560	1	2
1562	1	2
1563	1	2
1564	1	2
1567	1	2
1568	1	2
1572	1	2
1574	1	2
1575	1	2
1581	1	2
1583	1	2
1585	1	2
1586	1	2
1587	1	2
1590	1	2
1594	1	2
1597	1	2
1599	1	2
1600	1	2
1602	1	2
1603	1	2
1605	1	2
1606	1	2
1607	1	2
1608	1	2
1609	1	2
1610	1	2
1611	1	2
1615	1	2
1616	1	2
1617	1	2
1618	1	2
1621	1	2
1622	1	2
1624	1	2
1627	1	2
1629	1	2
1630	1	2
1631	1	2
1633	1	2
1637	1	2
1638	1	2
1640	1	2
1646	1	2
1648	1	2
1651	1	2
1652	1	2
1656	1	2
1662	1	2
1666	1	2
1671	1	2
1672	1	2
1674	1	2
1675	1	2
1676	1	2
1678	1	2
1680	1	2
1685	1	2
1687	1	2
1690	1	2
1691	1	2
1693	1	2
1694	1	2
1695	1	2
1696	1	2
1752	1	2
1753	1	2
1754	1	2
1755	1	2
1757	1	2
1758	1	2
1759	1	2
1760	1	2
1761	1	2
1763	1	2
1764	1	2
1766	1	2
1767	1	2
1769	1	2
1771	1	2
1773	1	2
1774	1	2
1776	1	2
1777	1	2
1919	1	2
2015	1	2
2017	1	2
2025	1	2
2026	1	2
2029	1	2
2030	1	2
2032	1	2
2033	1	2
2034	1	2
2037	1	2
2040	1	2
2041	1	2
2043	1	2
2044	1	2
2049	1	2
2053	1	2
2055	1	2
2056	1	2
2093	1	2
2165	1	2
2168	1	2
2170	1	2
2171	1	2
2173	1	2
2174	1	2
2178	1	2
2179	1	2
2180	1	2
2181	1	2
2182	1	2
2184	1	2
2186	1	2
2193	1	2
2194	1	2
2196	1	2
2211	1	2
2213	1	2
2217	1	2
2219	1	2
2220	1	2
2221	1	2
2222	1	2
2223	1	2
2225	1	2
2228	1	2
2235	1	2
2238	1	2
2240	1	2
2242	1	2
2243	1	2
2270	1	2
2331	1	2
2336	1	2
2338	1	2
2339	1	2
2340	1	2
2342	1	2
2343	1	2
2347	1	2
2350	1	2
2351	1	2
2352	1	2
2353	1	2
2354	1	2
2357	1	2
2358	1	2
2363	1	2
2365	1	2
2366	1	2
2368	1	2
2369	1	2
2370	1	2
2371	1	2
2372	1	2
2373	1	2
2374	1	2
2375	1	2
2377	1	2
2382	1	2
2383	1	2
2384	1	2
2388	1	2
2389	1	2
2392	1	2
2401	1	2
2402	1	2
2404	1	2
2407	1	2
2408	1	2
2410	1	2
2411	1	2
2413	1	2
2414	1	2
2418	1	2
2419	1	2
2421	1	2
2422	1	2
2423	1	2
2424	1	2
2428	1	2
2429	1	2
2435	1	2
2437	1	2
2438	1	2
2443	1	2
2445	1	2
2453	1	2
2458	1	2
2459	1	2
2460	1	2
2461	1	2
2462	1	2
2463	1	2
2464	1	2
2466	1	2
2467	1	2
2474	1	2
2475	1	2
2476	1	2
2479	1	2
2480	1	2
2485	1	2
2486	1	2
2488	1	2
2491	1	2
2492	1	2
2493	1	2
2494	1	2
2498	1	2
2499	1	2
2500	1	2
2501	1	2
2503	1	2
2508	1	2
2512	1	2
2514	1	2
2516	1	2
2517	1	2
2519	1	2
2520	1	2
2523	1	2
2524	1	2
2526	1	2
2535	1	2
2536	1	2
2537	1	2
2540	1	2
2542	1	2
2544	1	2
2546	1	2
2550	1	2
2552	1	2
2554	1	2
2556	1	2
2557	1	2
2559	1	2
2560	1	2
2561	1	2
2562	1	2
2563	1	2
2564	1	2
2565	1	2
2566	1	2
2567	1	2
2568	1	2
2569	1	2
2570	1	2
2571	1	2
2572	1	2
2573	1	2
2582	1	2
2595	1	2
2597	1	2
2598	1	2
2599	1	2
2602	1	2
2603	1	2
2608	1	2
2610	1	2
2611	1	2
2614	1	2
2615	1	2
2616	1	2
2629	1	2
2709	1	2
2710	1	2
2711	1	2
2712	1	2
2718	1	2
2719	1	2
2773	1	2
2823	1	3
2824	1	3
2825	1	3
2830	1	3
3143	1	3
3147	1	3
3440	1	3
3465	1	3
4082	1	4
4084	1	4
4380	1	4
4799	1	4
4801	1	4
4807	1	4
4809	1	4
4865	1	4
4866	1	4
4867	1	4
4868	1	4
4869	1	4
4872	1	4
4878	1	4
4879	1	4
5023	1	5
5080	1	5
5114	1	5
5345	1	5
5607	1	5
5747	1	5
6063	1	6
6413	1	6
6417	1	6
6438	1	6
6441	1	6
6472	1	6
6935	1	7
7037	1	7
7038	1	7
7039	1	7
7042	1	7
7266	1	7
7522	1	7
7583	1	7
7700	1	7
7894	1	7
7895	1	7
7896	1	7
7897	1	7
7899	1	7
8219	1	8
8220	1	8
8227	1	8
8230	1	8
8231	1	8
8233	1	8
8266	1	8
8464	1	8
9401	1	9
9403	1	9
9955	1	10
10072	1	10
10075	1	10
10406	1	11
10407	1	11
10645	1	11
10907	1	11
10908	1	11
10910	1	11
11250	1	12
11661	1	12
11675	1	12
11679	1	12
11682	1	12
11683	1	12
11839	1	13
12288	1	14
12310	1	14
12606	1	14
12607	1	14
12812	1	15
13018	1	15
13642	1	16
13920	1	17
13943	1	17
14016	1	17
14148	1	17
14227	1	17
14233	1	17
14366	1	17
14444	1	17
14679	1	18
14694	1	18
14695	1	18
14697	1	18
14832	1	18
15541	1	20
15743	1	20
16130	1	22
16296	1	X
16297	1	X
16497	1	X
16729	1	X
16757	1	X
16777	1	X
16789	1	X
16963	1	X
17327	1	X
17350	1	X
17372	1	X
17697	1	X
31	2	1
266	2	1
504	2	1
542	2	1
585	2	1
589	2	1
637	2	1
920	2	1
922	2	1
995	2	1
1113	2	1
1114	2	1
1116	2	1
1119	2	1
1200	2	1
1269	2	1
1704	2	2
1741	2	2
1762	2	2
2020	2	2
2364	2	2
2574	2	2
2575	2	2
2576	2	2
2578	2	2
2579	2	2
2580	2	2
2586	2	2
2590	2	2
2591	2	2
2596	2	2
2648	2	2
2649	2	2
2650	2	2
2652	2	2
2658	2	2
2667	2	2
2672	2	2
2673	2	2
2783	2	3
2785	2	3
2786	2	3
2787	2	3
2789	2	3
2792	2	3
2793	2	3
2794	2	3
2795	2	3
2799	2	3
2803	2	3
2804	2	3
2805	2	3
2806	2	3
2808	2	3
2810	2	3
2811	2	3
2812	2	3
2814	2	3
2818	2	3
2819	2	3
2820	2	3
2821	2	3
2849	2	3
2851	2	3
2863	2	3
2864	2	3
2865	2	3
2866	2	3
2867	2	3
2868	2	3
2869	2	3
2870	2	3
2872	2	3
2873	2	3
2874	2	3
2875	2	3
2876	2	3
2877	2	3
2881	2	3
2882	2	3
2885	2	3
2886	2	3
2890	2	3
2892	2	3
2893	2	3
2895	2	3
2896	2	3
2897	2	3
2899	2	3
2900	2	3
2901	2	3
2902	2	3
2904	2	3
2905	2	3
2909	2	3
2910	2	3
2913	2	3
2915	2	3
2920	2	3
2921	2	3
2925	2	3
2926	2	3
2928	2	3
2930	2	3
2931	2	3
2935	2	3
2936	2	3
2937	2	3
2939	2	3
2942	2	3
2943	2	3
2944	2	3
2945	2	3
2947	2	3
2948	2	3
2949	2	3
2950	2	3
2952	2	3
2955	2	3
2956	2	3
2957	2	3
2958	2	3
2960	2	3
2964	2	3
2966	2	3
2967	2	3
2968	2	3
2970	2	3
2971	2	3
2972	2	3
2974	2	3
2975	2	3
2977	2	3
2978	2	3
2979	2	3
2980	2	3
2982	2	3
2983	2	3
2985	2	3
2996	2	3
2997	2	3
3000	2	3
3001	2	3
3003	2	3
3004	2	3
3005	2	3
3009	2	3
3011	2	3
3017	2	3
3018	2	3
3020	2	3
3047	2	3
3089	2	3
3092	2	3
3093	2	3
3094	2	3
3096	2	3
3097	2	3
3098	2	3
3100	2	3
3101	2	3
3103	2	3
3104	2	3
3118	2	3
3125	2	3
3127	2	3
3128	2	3
3129	2	3
3130	2	3
3131	2	3
3135	2	3
3148	2	3
3150	2	3
3155	2	3
3156	2	3
3158	2	3
3161	2	3
3162	2	3
3163	2	3
3166	2	3
3168	2	3
3169	2	3
3170	2	3
3172	2	3
3173	2	3
3174	2	3
3176	2	3
3178	2	3
3179	2	3
3181	2	3
3182	2	3
3183	2	3
3184	2	3
3185	2	3
3190	2	3
3195	2	3
3196	2	3
3198	2	3
3199	2	3
3200	2	3
3201	2	3
3202	2	3
3243	2	3
3244	2	3
3245	2	3
3246	2	3
3249	2	3
3250	2	3
3251	2	3
3252	2	3
3253	2	3
3255	2	3
3257	2	3
3261	2	3
3262	2	3
3263	2	3
3265	2	3
3266	2	3
3269	2	3
3271	2	3
3274	2	3
3275	2	3
3277	2	3
3283	2	3
3300	2	3
3302	2	3
3305	2	3
3306	2	3
3311	2	3
3314	2	3
3315	2	3
3317	2	3
3319	2	3
3320	2	3
3322	2	3
3325	2	3
3328	2	3
3331	2	3
3333	2	3
3335	2	3
3336	2	3
3337	2	3
3342	2	3
3343	2	3
3353	2	3
3355	2	3
3357	2	3
3359	2	3
3360	2	3
3361	2	3
3362	2	3
3363	2	3
3365	2	3
3366	2	3
3368	2	3
3369	2	3
3370	2	3
3371	2	3
3372	2	3
3373	2	3
3375	2	3
3379	2	3
3380	2	3
3382	2	3
3385	2	3
3386	2	3
3387	2	3
3388	2	3
3389	2	3
3390	2	3
3396	2	3
3397	2	3
3402	2	3
3404	2	3
3405	2	3
3406	2	3
3408	2	3
3409	2	3
3410	2	3
3411	2	3
3412	2	3
3413	2	3
3425	2	3
3426	2	3
3427	2	3
3431	2	3
3467	2	3
3470	2	3
3471	2	3
3474	2	3
3478	2	3
3479	2	3
3484	2	3
3493	2	3
3495	2	3
3496	2	3
3497	2	3
3498	2	3
3501	2	3
3507	2	3
3508	2	3
3512	2	3
3515	2	3
3517	2	3
3519	2	3
3520	2	3
3522	2	3
3523	2	3
3524	2	3
3526	2	3
3529	2	3
3532	2	3
3533	2	3
3536	2	3
3542	2	3
3545	2	3
3546	2	3
3547	2	3
3553	2	3
3555	2	3
3561	2	3
3567	2	3
3571	2	3
3572	2	3
3573	2	3
3575	2	3
3576	2	3
3577	2	3
3578	2	3
3579	2	3
3583	2	3
3586	2	3
3589	2	3
3590	2	3
3591	2	3
3595	2	3
3597	2	3
3598	2	3
3599	2	3
3600	2	3
3601	2	3
3602	2	3
3604	2	3
3605	2	3
3606	2	3
3607	2	3
3609	2	3
3610	2	3
3611	2	3
3614	2	3
3615	2	3
3616	2	3
3617	2	3
3619	2	3
3620	2	3
3621	2	3
3622	2	3
3624	2	3
3625	2	3
3626	2	3
3627	2	3
3631	2	3
3634	2	3
3635	2	3
3636	2	3
3637	2	3
3638	2	3
3641	2	3
3642	2	3
3645	2	3
3649	2	3
3651	2	3
3653	2	3
3654	2	3
3655	2	3
3659	2	3
3661	2	3
3662	2	3
3664	2	3
3665	2	3
3667	2	3
3672	2	3
3678	2	3
3681	2	3
3685	2	3
3686	2	3
3688	2	3
3690	2	3
3691	2	3
3692	2	3
3696	2	3
3697	2	3
3698	2	3
3699	2	3
3700	2	3
3701	2	3
3702	2	3
3703	2	3
3705	2	3
3706	2	3
3708	2	3
3709	2	3
3711	2	3
3712	2	3
3713	2	3
3714	2	3
3715	2	3
3716	2	3
3717	2	3
3718	2	3
3722	2	3
3723	2	3
3724	2	3
3728	2	3
3733	2	3
3735	2	3
3736	2	3
3737	2	3
3738	2	3
3739	2	3
3740	2	3
3741	2	3
3742	2	3
3743	2	3
3744	2	3
3745	2	3
3746	2	3
3755	2	3
3756	2	3
3758	2	3
3760	2	3
3761	2	3
3763	2	3
3767	2	3
3768	2	3
3770	2	3
3771	2	3
3772	2	3
3775	2	3
3792	2	3
3796	2	3
3799	2	3
3800	2	3
3802	2	3
3806	2	3
3807	2	3
3808	2	3
3809	2	3
3813	2	3
3814	2	3
3815	2	3
3816	2	3
3818	2	3
3822	2	3
3828	2	3
3834	2	3
3839	2	3
3845	2	3
3849	2	3
3852	2	3
3876	2	4
3901	2	4
4198	2	4
4199	2	4
4200	2	4
4627	2	4
4688	2	4
4836	2	4
5130	2	5
5524	2	5
5526	2	5
5549	2	5
5650	2	5
5735	2	5
5738	2	5
5935	2	5
6021	2	6
6055	2	6
6194	2	6
6363	2	6
6440	2	6
6613	2	6
6771	2	6
6810	2	6
6811	2	6
7132	2	7
7417	2	7
7504	2	7
8148	2	8
8184	2	8
8185	2	8
8191	2	8
8951	2	9
8952	2	9
9244	2	9
9267	2	9
9377	2	9
9779	2	10
9803	2	10
9808	2	10
9810	2	10
9811	2	10
9812	2	10
9813	2	10
9814	2	10
9899	2	10
10024	2	10
10025	2	10
10775	2	11
10849	2	11
10852	2	11
10859	2	11
10962	2	11
10967	2	11
10968	2	11
10992	2	11
10994	2	11
10995	2	11
11115	2	12
11117	2	12
11129	2	12
11138	2	12
11139	2	12
11140	2	12
11143	2	12
11144	2	12
11232	2	12
11339	2	12
11344	2	12
11369	2	12
11370	2	12
11414	2	12
11529	2	12
11828	2	13
11897	2	13
12178	2	13
12396	2	14
12503	2	14
12558	2	14
12560	2	14
12562	2	14
12593	2	14
13118	2	15
13124	2	15
13125	2	15
13126	2	15
13131	2	15
13159	2	15
13486	2	16
13857	2	16
13946	2	17
13947	2	17
14000	2	17
14004	2	17
14132	2	17
14164	2	17
14171	2	17
14172	2	17
14180	2	17
14845	2	19
14902	2	19
14985	2	19
14990	2	19
15034	2	19
15035	2	19
15113	2	19
15493	2	20
15537	2	20
15789	2	20
15917	2	21
15921	2	21
15990	2	22
16003	2	22
16163	2	22
16273	2	X
16274	2	X
16275	2	X
16281	2	X
16288	2	X
16289	2	X
16291	2	X
16293	2	X
16298	2	X
16301	2	X
16304	2	X
16305	2	X
16306	2	X
16308	2	X
16309	2	X
16310	2	X
16311	2	X
16326	2	X
16328	2	X
16329	2	X
16330	2	X
16376	2	X
16377	2	X
16378	2	X
16382	2	X
16385	2	X
16386	2	X
16387	2	X
16390	2	X
16392	2	X
16396	2	X
16397	2	X
16399	2	X
16418	2	X
16515	2	X
16719	2	X
16764	2	X
16979	2	X
16993	2	X
17097	2	X
17099	2	X
17101	2	X
17102	2	X
17104	2	X
17105	2	X
17106	2	X
17107	2	X
17109	2	X
17110	2	X
17111	2	X
17113	2	X
17171	2	X
17173	2	X
17226	2	X
17259	2	X
17261	2	X
17416	2	X
17422	2	X
17427	2	X
17434	2	X
17678	2	X
17698	2	X
17702	2	X
159	3	1
329	3	1
332	3	1
333	3	1
335	3	1
337	3	1
338	3	1
341	3	1
351	3	1
395	3	1
396	3	1
793	3	1
980	3	1
1007	3	1
1008	3	1
1009	3	1
1086	3	1
1466	3	2
1716	3	2
1719	3	2
2637	3	2
2638	3	2
2639	3	2
2640	3	2
2641	3	2
2642	3	2
2643	3	2
2704	3	2
2757	3	2
2760	3	2
2761	3	2
2815	3	3
3871	3	4
3900	3	4
3929	3	4
3932	3	4
3940	3	4
3941	3	4
3942	3	4
3945	3	4
3946	3	4
3947	3	4
3948	3	4
3949	3	4
3950	3	4
3951	3	4
3953	3	4
3955	3	4
3957	3	4
3958	3	4
3960	3	4
3961	3	4
3962	3	4
3963	3	4
3965	3	4
3966	3	4
3967	3	4
3968	3	4
3969	3	4
3970	3	4
3971	3	4
3972	3	4
3973	3	4
3974	3	4
3975	3	4
3976	3	4
3979	3	4
3983	3	4
3985	3	4
3988	3	4
3989	3	4
3992	3	4
3993	3	4
3994	3	4
3999	3	4
4000	3	4
4002	3	4
4003	3	4
4004	3	4
4005	3	4
4006	3	4
4007	3	4
4008	3	4
4009	3	4
4026	3	4
4027	3	4
4028	3	4
4030	3	4
4031	3	4
4038	3	4
4042	3	4
4052	3	4
4058	3	4
4061	3	4
4062	3	4
4064	3	4
4065	3	4
4066	3	4
4067	3	4
4068	3	4
4070	3	4
4071	3	4
4072	3	4
4073	3	4
4074	3	4
4075	3	4
4077	3	4
4080	3	4
4094	3	4
4106	3	4
4124	3	4
4125	3	4
4135	3	4
4137	3	4
4143	3	4
4147	3	4
4148	3	4
4152	3	4
4153	3	4
4159	3	4
4160	3	4
4161	3	4
4163	3	4
4164	3	4
4167	3	4
4171	3	4
4172	3	4
4173	3	4
4177	3	4
4179	3	4
4180	3	4
4181	3	4
4183	3	4
4185	3	4
4186	3	4
4187	3	4
4188	3	4
4190	3	4
4193	3	4
4197	3	4
4204	3	4
4205	3	4
4208	3	4
4210	3	4
4211	3	4
4212	3	4
4213	3	4
4214	3	4
4216	3	4
4217	3	4
4223	3	4
4225	3	4
4226	3	4
4228	3	4
4230	3	4
4231	3	4
4232	3	4
4233	3	4
4236	3	4
4242	3	4
4243	3	4
4246	3	4
4251	3	4
4254	3	4
4256	3	4
4257	3	4
4258	3	4
4259	3	4
4265	3	4
4270	3	4
4274	3	4
4275	3	4
4277	3	4
4278	3	4
4281	3	4
4283	3	4
4284	3	4
4285	3	4
4286	3	4
4288	3	4
4289	3	4
4290	3	4
4292	3	4
4293	3	4
4294	3	4
4297	3	4
4298	3	4
4299	3	4
4304	3	4
4309	3	4
4310	3	4
4312	3	4
4314	3	4
4315	3	4
4316	3	4
4318	3	4
4320	3	4
4322	3	4
4324	3	4
4325	3	4
4329	3	4
4330	3	4
4338	3	4
4342	3	4
4343	3	4
4344	3	4
4345	3	4
4347	3	4
4348	3	4
4349	3	4
4350	3	4
4352	3	4
4354	3	4
4355	3	4
4357	3	4
4358	3	4
4361	3	4
4363	3	4
4364	3	4
4369	3	4
4371	3	4
4374	3	4
4377	3	4
4379	3	4
4381	3	4
4382	3	4
4383	3	4
4384	3	4
4385	3	4
4386	3	4
4389	3	4
4390	3	4
4392	3	4
4393	3	4
4399	3	4
4400	3	4
4403	3	4
4404	3	4
4408	3	4
4409	3	4
4411	3	4
4415	3	4
4421	3	4
4422	3	4
4423	3	4
4429	3	4
4430	3	4
4434	3	4
4435	3	4
4436	3	4
4439	3	4
4440	3	4
4442	3	4
4445	3	4
4449	3	4
4453	3	4
4454	3	4
4457	3	4
4461	3	4
4462	3	4
4464	3	4
4465	3	4
4466	3	4
4470	3	4
4471	3	4
4472	3	4
4473	3	4
4474	3	4
4482	3	4
4488	3	4
4492	3	4
4493	3	4
4494	3	4
4495	3	4
4500	3	4
4502	3	4
4503	3	4
4504	3	4
4506	3	4
4507	3	4
4508	3	4
4509	3	4
4510	3	4
4511	3	4
4514	3	4
4516	3	4
4518	3	4
4527	3	4
4528	3	4
4530	3	4
4535	3	4
4536	3	4
4538	3	4
4539	3	4
4540	3	4
4541	3	4
4542	3	4
4544	3	4
4549	3	4
4551	3	4
4552	3	4
4553	3	4
4554	3	4
4555	3	4
4556	3	4
4557	3	4
4560	3	4
4562	3	4
4563	3	4
4564	3	4
4565	3	4
4567	3	4
4571	3	4
4575	3	4
4576	3	4
4579	3	4
4580	3	4
4582	3	4
4583	3	4
4584	3	4
4585	3	4
4587	3	4
4590	3	4
4594	3	4
4595	3	4
4597	3	4
4615	3	4
4616	3	4
4617	3	4
4618	3	4
4620	3	4
4621	3	4
4623	3	4
4624	3	4
4628	3	4
4631	3	4
4632	3	4
4633	3	4
4634	3	4
4637	3	4
4638	3	4
4639	3	4
4646	3	4
4647	3	4
4648	3	4
4649	3	4
4653	3	4
4655	3	4
4656	3	4
4657	3	4
4658	3	4
4660	3	4
4661	3	4
4662	3	4
4664	3	4
4668	3	4
4670	3	4
4672	3	4
4673	3	4
4674	3	4
4683	3	4
4686	3	4
4691	3	4
4693	3	4
4694	3	4
4695	3	4
4696	3	4
4698	3	4
4699	3	4
4700	3	4
4704	3	4
4705	3	4
4706	3	4
4711	3	4
4712	3	4
4714	3	4
4715	3	4
4718	3	4
4720	3	4
4721	3	4
4723	3	4
4724	3	4
4725	3	4
4728	3	4
4729	3	4
4731	3	4
4732	3	4
4733	3	4
4738	3	4
4739	3	4
4740	3	4
4743	3	4
4744	3	4
4745	3	4
4749	3	4
4750	3	4
4752	3	4
4754	3	4
4756	3	4
4757	3	4
4758	3	4
4759	3	4
4760	3	4
4761	3	4
4762	3	4
4763	3	4
4764	3	4
4766	3	4
4768	3	4
4775	3	4
4779	3	4
4783	3	4
4785	3	4
4786	3	4
4787	3	4
4789	3	4
4793	3	4
4794	3	4
4797	3	4
4815	3	4
4816	3	4
4817	3	4
4819	3	4
4820	3	4
4821	3	4
4823	3	4
4824	3	4
4825	3	4
4826	3	4
4827	3	4
4828	3	4
4829	3	4
4831	3	4
4832	3	4
4833	3	4
4834	3	4
4835	3	4
4839	3	4
4842	3	4
4843	3	4
4844	3	4
4846	3	4
4847	3	4
4848	3	4
4849	3	4
4852	3	4
4877	3	4
5732	3	5
5849	3	5
5921	3	5
5951	3	5
5953	3	5
6626	3	6
6627	3	6
6628	3	6
6629	3	6
6638	3	6
6774	3	6
6776	3	6
6937	3	7
6940	3	7
7019	3	7
7087	3	7
7101	3	7
7273	3	7
7450	3	7
7586	3	7
7588	3	7
7592	3	7
7685	3	7
7908	3	7
7929	3	7
8978	3	9
8992	3	9
9127	3	9
9133	3	9
10243	3	11
10247	3	11
10249	3	11
10253	3	11
10255	3	11
10258	3	11
10262	3	11
10263	3	11
10265	3	11
10268	3	11
10269	3	11
10272	3	11
10273	3	11
10304	3	11
10477	3	11
10667	3	11
10669	3	11
10802	3	11
11045	3	12
11076	3	12
11191	3	12
11194	3	12
11195	3	12
11198	3	12
11417	3	12
11518	3	12
11578	3	12
11579	3	12
11809	3	12
11958	3	13
11959	3	13
11960	3	13
12484	3	14
12525	3	14
12527	3	14
12530	3	14
12531	3	14
12532	3	14
12533	3	14
12540	3	14
12542	3	14
12546	3	14
12551	3	14
12552	3	14
12553	3	14
12554	3	14
12556	3	14
12608	3	14
12611	3	14
12612	3	14
13180	3	16
13412	3	16
13758	3	16
14129	3	17
14367	3	17
14842	3	18
15092	3	19
15093	3	19
15224	3	19
15389	3	19
15406	3	19
15495	3	20
15500	3	20
15507	3	20
15517	3	20
15523	3	20
15525	3	20
15526	3	20
15611	3	20
16000	3	22
16060	3	22
16323	3	X
16324	3	X
16345	3	X
16347	3	X
16348	3	X
16351	3	X
16389	3	X
16400	3	X
16412	3	X
16612	3	X
16624	3	X
16717	3	X
16973	3	X
17086	3	X
17126	3	X
17129	3	X
238	4	1
714	4	1
716	4	1
4410	4	4
4921	4	5
4922	4	5
4923	4	5
4924	4	5
4928	4	5
4935	4	5
4937	4	5
4938	4	5
4939	4	5
4940	4	5
4941	4	5
4944	4	5
4947	4	5
4948	4	5
4950	4	5
4951	4	5
4953	4	5
4955	4	5
4964	4	5
4982	4	5
4994	4	5
5003	4	5
5005	4	5
5007	4	5
5009	4	5
5011	4	5
5012	4	5
5013	4	5
5015	4	5
5016	4	5
5017	4	5
5018	4	5
5021	4	5
5022	4	5
5024	4	5
5027	4	5
5028	4	5
5029	4	5
5030	4	5
5031	4	5
5036	4	5
5038	4	5
5040	4	5
5053	4	5
5054	4	5
5057	4	5
5058	4	5
5059	4	5
5061	4	5
5062	4	5
5064	4	5
5066	4	5
5067	4	5
5075	4	5
5076	4	5
5077	4	5
5078	4	5
5079	4	5
5081	4	5
5082	4	5
5083	4	5
5085	4	5
5086	4	5
5087	4	5
5088	4	5
5090	4	5
5091	4	5
5093	4	5
5095	4	5
5096	4	5
5098	4	5
5100	4	5
5101	4	5
5103	4	5
5105	4	5
5140	4	5
5141	4	5
5165	4	5
5166	4	5
5168	4	5
5170	4	5
5172	4	5
5173	4	5
5175	4	5
5178	4	5
5179	4	5
5182	4	5
5419	4	5
5796	4	5
6778	4	6
8124	4	8
8126	4	8
8127	4	8
8130	4	8
8131	4	8
8132	4	8
8133	4	8
8134	4	8
8135	4	8
8136	4	8
8552	4	8
8553	4	8
8554	4	8
8555	4	8
8556	4	8
8559	4	8
8560	4	8
8561	4	8
8599	4	8
8738	4	8
9277	4	9
9735	4	10
9929	4	10
9939	4	10
9940	4	10
9956	4	10
10631	4	11
10642	4	11
11496	4	12
12645	4	14
12664	4	14
12665	4	14
13213	4	16
13963	4	17
13966	4	17
13969	4	17
13973	4	17
14073	4	17
14423	4	17
14425	4	17
14831	4	18
15552	4	20
15553	4	20
16033	4	22
16746	4	X
16759	4	X
17433	4	X
881	5	1
1053	5	1
1056	5	1
1059	5	1
1079	5	1
1159	5	1
1163	5	1
1165	5	1
1166	5	1
1264	5	1
1267	5	1
1491	5	2
1723	5	2
2360	5	2
2362	5	2
2837	5	3
2840	5	3
2845	5	3
2846	5	3
3186	5	3
3187	5	3
3222	5	3
3240	5	3
3241	5	3
3308	5	3
3415	5	3
3418	5	3
3424	5	3
3503	5	3
3680	5	3
4451	5	4
4487	5	4
4497	5	4
4687	5	4
4792	5	4
4989	5	5
5152	5	5
5176	5	5
5203	5	5
5204	5	5
5207	5	5
5209	5	5
5210	5	5
5213	5	5
5214	5	5
5215	5	5
5216	5	5
5217	5	5
5219	5	5
5220	5	5
5221	5	5
5224	5	5
5226	5	5
5230	5	5
5232	5	5
5233	5	5
5234	5	5
5248	5	5
5249	5	5
5253	5	5
5254	5	5
5257	5	5
5258	5	5
5261	5	5
5263	5	5
5264	5	5
5265	5	5
5276	5	5
5279	5	5
5282	5	5
5326	5	5
5327	5	5
5330	5	5
5331	5	5
5332	5	5
5334	5	5
5335	5	5
5336	5	5
5337	5	5
5357	5	5
5358	5	5
5360	5	5
5361	5	5
5362	5	5
5364	5	5
5365	5	5
5368	5	5
5371	5	5
5373	5	5
5376	5	5
5377	5	5
5382	5	5
5384	5	5
5385	5	5
5387	5	5
5391	5	5
5394	5	5
5397	5	5
5399	5	5
5400	5	5
5401	5	5
5402	5	5
5403	5	5
5405	5	5
5406	5	5
5408	5	5
5410	5	5
5413	5	5
5414	5	5
5416	5	5
5420	5	5
5422	5	5
5423	5	5
5426	5	5
5428	5	5
5429	5	5
5430	5	5
5436	5	5
5437	5	5
5438	5	5
5440	5	5
5442	5	5
5446	5	5
5447	5	5
5448	5	5
5451	5	5
5452	5	5
5454	5	5
5455	5	5
5458	5	5
5460	5	5
5461	5	5
5462	5	5
5463	5	5
5464	5	5
5466	5	5
5467	5	5
5471	5	5
5472	5	5
5474	5	5
5476	5	5
5477	5	5
5492	5	5
5494	5	5
5495	5	5
5500	5	5
5501	5	5
5509	5	5
5513	5	5
5514	5	5
5516	5	5
5517	5	5
5518	5	5
5520	5	5
5521	5	5
5523	5	5
5534	5	5
5535	5	5
5538	5	5
5540	5	5
5541	5	5
5542	5	5
5544	5	5
5545	5	5
5546	5	5
5548	5	5
5553	5	5
5554	5	5
5556	5	5
5557	5	5
5558	5	5
5562	5	5
5563	5	5
5566	5	5
5568	5	5
5569	5	5
5571	5	5
5576	5	5
5577	5	5
5579	5	5
5580	5	5
5582	5	5
5585	5	5
5586	5	5
5587	5	5
5589	5	5
5591	5	5
5592	5	5
5593	5	5
5594	5	5
5596	5	5
5599	5	5
5602	5	5
5606	5	5
5608	5	5
5610	5	5
5612	5	5
5614	5	5
5616	5	5
5617	5	5
5619	5	5
5623	5	5
5626	5	5
5628	5	5
5629	5	5
5630	5	5
5631	5	5
5632	5	5
5634	5	5
5635	5	5
5636	5	5
5637	5	5
5639	5	5
5646	5	5
5647	5	5
5648	5	5
5649	5	5
5652	5	5
5653	5	5
5655	5	5
5656	5	5
5657	5	5
5658	5	5
5661	5	5
5663	5	5
5664	5	5
5666	5	5
5674	5	5
5690	5	5
5691	5	5
5695	5	5
5741	5	5
5748	5	5
5749	5	5
5750	5	5
5751	5	5
5753	5	5
5756	5	5
5758	5	5
5759	5	5
5760	5	5
5766	5	5
5768	5	5
5769	5	5
5770	5	5
5771	5	5
5773	5	5
5774	5	5
5778	5	5
5779	5	5
5781	5	5
5782	5	5
5786	5	5
5787	5	5
5788	5	5
5789	5	5
5791	5	5
5792	5	5
5793	5	5
5799	5	5
5801	5	5
5802	5	5
5803	5	5
5807	5	5
5808	5	5
5810	5	5
5811	5	5
5814	5	5
5815	5	5
5816	5	5
5817	5	5
5819	5	5
5820	5	5
5824	5	5
5827	5	5
5828	5	5
5829	5	5
5834	5	5
5835	5	5
5838	5	5
5839	5	5
5841	5	5
5842	5	5
5843	5	5
5847	5	5
5850	5	5
5851	5	5
5852	5	5
5853	5	5
5855	5	5
5856	5	5
5858	5	5
5860	5	5
5861	5	5
5862	5	5
5866	5	5
5868	5	5
5869	5	5
5870	5	5
5872	5	5
5873	5	5
5874	5	5
5879	5	5
5882	5	5
5883	5	5
5884	5	5
5885	5	5
5887	5	5
5889	5	5
5890	5	5
5918	5	5
6152	5	6
6154	5	6
6157	5	6
6568	5	6
6862	5	6
6863	5	6
6865	5	6
6867	5	6
6916	5	7
6920	5	7
6922	5	7
6936	5	7
7510	5	7
7512	5	7
7513	5	7
8061	5	8
8286	5	8
8287	5	8
8331	5	8
8337	5	8
8341	5	8
8576	5	8
8633	5	8
8647	5	8
8648	5	8
8653	5	8
8686	5	8
8687	5	8
8688	5	8
8689	5	8
8690	5	8
8698	5	8
8699	5	8
8701	5	8
8702	5	8
8708	5	8
9422	5	9
9425	5	9
9426	5	9
9439	5	9
9450	5	9
9452	5	9
9454	5	9
9456	5	9
9457	5	9
9461	5	9
10280	5	11
10343	5	11
10345	5	11
10361	5	11
10393	5	11
10977	5	11
10979	5	11
10981	5	11
10983	5	11
11053	5	12
11151	5	12
11152	5	12
11154	5	12
11155	5	12
11156	5	12
11157	5	12
11159	5	12
11164	5	12
11165	5	12
11166	5	12
11173	5	12
11174	5	12
11175	5	12
11176	5	12
11178	5	12
11179	5	12
11181	5	12
11187	5	12
11331	5	12
11657	5	12
11658	5	12
11711	5	12
11784	5	12
12047	5	13
12072	5	13
12623	5	14
12723	5	15
12725	5	15
12735	5	15
12741	5	15
12742	5	15
12743	5	15
12744	5	15
13027	5	15
13066	5	15
13122	5	15
13123	5	15
13127	5	15
13162	5	15
13209	5	16
13211	5	16
13285	5	16
13454	5	16
13674	5	16
13682	5	16
13685	5	16
13687	5	16
13841	5	16
13843	5	16
13847	5	16
14160	5	17
14163	5	17
14190	5	17
14251	5	17
14479	5	17
14546	5	18
14561	5	18
14699	5	18
14700	5	18
15412	5	19
16114	5	22
16253	5	X
16255	5	X
16257	5	X
16265	5	X
16266	5	X
16360	5	X
16364	5	X
16470	5	X
16600	5	X
16674	5	X
16676	5	X
16805	5	X
16813	5	X
16815	5	X
16943	5	X
17077	5	X
17078	5	X
17080	5	X
17081	5	X
17082	5	X
17083	5	X
17085	5	X
17088	5	X
17089	5	X
17092	5	X
17094	5	X
17095	5	X
17096	5	X
17613	5	X
17616	5	X
218	6	1
223	6	1
344	6	1
348	6	1
350	6	1
453	6	1
512	6	1
687	6	1
833	6	1
1145	6	1
1239	6	1
1259	6	1
1643	6	2
2738	6	2
2741	6	2
2745	6	2
3034	6	3
3139	6	3
3140	6	3
3228	6	3
3230	6	3
3239	6	3
4010	6	4
4012	6	4
4014	6	4
4018	6	4
4019	6	4
4020	6	4
4021	6	4
4025	6	4
4142	6	4
4478	6	4
4803	6	4
4892	6	5
6080	6	6
6081	6	6
6083	6	6
6143	6	6
6147	6	6
6149	6	6
6160	6	6
6169	6	6
6170	6	6
6173	6	6
6174	6	6
6175	6	6
6178	6	6
6183	6	6
6184	6	6
6195	6	6
6202	6	6
6205	6	6
6207	6	6
6208	6	6
6210	6	6
6211	6	6
6212	6	6
6213	6	6
6214	6	6
6215	6	6
6216	6	6
6220	6	6
6221	6	6
6222	6	6
6223	6	6
6225	6	6
6227	6	6
6228	6	6
6229	6	6
6230	6	6
6232	6	6
6233	6	6
6236	6	6
6237	6	6
6238	6	6
6239	6	6
6241	6	6
6243	6	6
6244	6	6
6245	6	6
6246	6	6
6249	6	6
6250	6	6
6255	6	6
6257	6	6
6260	6	6
6262	6	6
6314	6	6
6315	6	6
6316	6	6
6323	6	6
6329	6	6
6332	6	6
6338	6	6
6340	6	6
6341	6	6
6342	6	6
6346	6	6
6348	6	6
6349	6	6
6350	6	6
6356	6	6
6357	6	6
6358	6	6
6360	6	6
6361	6	6
6368	6	6
6370	6	6
6371	6	6
6373	6	6
6376	6	6
6377	6	6
6378	6	6
6379	6	6
6380	6	6
6382	6	6
6383	6	6
6385	6	6
6386	6	6
6388	6	6
6401	6	6
6403	6	6
6408	6	6
6420	6	6
6421	6	6
6439	6	6
6445	6	6
6450	6	6
6451	6	6
6453	6	6
6458	6	6
6466	6	6
6475	6	6
6476	6	6
6480	6	6
6481	6	6
6482	6	6
6485	6	6
6486	6	6
6489	6	6
6490	6	6
6491	6	6
6492	6	6
6493	6	6
6494	6	6
6496	6	6
6499	6	6
6512	6	6
6523	6	6
6527	6	6
6534	6	6
6536	6	6
6537	6	6
6540	6	6
6541	6	6
6542	6	6
6543	6	6
6544	6	6
6545	6	6
6547	6	6
6548	6	6
6550	6	6
6552	6	6
6554	6	6
6555	6	6
6556	6	6
6557	6	6
6561	6	6
6562	6	6
6564	6	6
6567	6	6
6569	6	6
6570	6	6
6571	6	6
6572	6	6
6573	6	6
6575	6	6
6579	6	6
6580	6	6
6581	6	6
6582	6	6
6584	6	6
6586	6	6
6589	6	6
6595	6	6
6596	6	6
6597	6	6
6598	6	6
6601	6	6
6602	6	6
6604	6	6
6607	6	6
6608	6	6
6609	6	6
6610	6	6
6611	6	6
6612	6	6
6625	6	6
6641	6	6
6643	6	6
6645	6	6
6646	6	6
6647	6	6
6653	6	6
6654	6	6
6655	6	6
6659	6	6
6662	6	6
6663	6	6
6664	6	6
6667	6	6
6669	6	6
6670	6	6
6671	6	6
6685	6	6
6686	6	6
6687	6	6
6688	6	6
6689	6	6
6692	6	6
6695	6	6
6697	6	6
6699	6	6
6700	6	6
6701	6	6
6702	6	6
6703	6	6
6705	6	6
6709	6	6
6715	6	6
6717	6	6
6719	6	6
6721	6	6
6722	6	6
6724	6	6
6726	6	6
6729	6	6
6731	6	6
6733	6	6
6735	6	6
6737	6	6
6738	6	6
6741	6	6
6743	6	6
6748	6	6
6749	6	6
6751	6	6
6752	6	6
6753	6	6
6755	6	6
6756	6	6
6758	6	6
6759	6	6
6760	6	6
6762	6	6
6763	6	6
6765	6	6
6767	6	6
6769	6	6
6770	6	6
6779	6	6
6781	6	6
6782	6	6
6783	6	6
6784	6	6
6786	6	6
6787	6	6
6788	6	6
6789	6	6
6790	6	6
6793	6	6
6795	6	6
6796	6	6
6797	6	6
6798	6	6
6800	6	6
6802	6	6
6806	6	6
6807	6	6
6808	6	6
6813	6	6
6815	6	6
6818	6	6
6819	6	6
6820	6	6
6821	6	6
6822	6	6
6825	6	6
6826	6	6
6827	6	6
6828	6	6
6830	6	6
6833	6	6
6834	6	6
6835	6	6
6836	6	6
6837	6	6
6838	6	6
6839	6	6
6841	6	6
6845	6	6
6848	6	6
6850	6	6
6852	6	6
6854	6	6
6856	6	6
6858	6	6
6874	6	6
6875	6	6
6877	6	6
6878	6	6
6879	6	6
6880	6	6
6881	6	6
6883	6	6
6885	6	6
6888	6	6
7143	6	7
7375	6	7
7452	6	7
7681	6	7
7684	6	7
7768	6	7
8137	6	8
8460	6	8
8463	6	8
8465	6	8
8979	6	9
8985	6	9
8987	6	9
9251	6	9
9802	6	10
10123	6	10
10124	6	10
10155	6	10
10487	6	11
10567	6	11
10577	6	11
10649	6	11
10711	6	11
11017	6	11
11019	6	11
11422	6	12
11425	6	12
11539	6	12
11542	6	12
11543	6	12
11719	6	12
11720	6	12
12131	6	13
12133	6	13
12134	6	13
12135	6	13
12136	6	13
12137	6	13
12138	6	13
12442	6	14
12444	6	14
12446	6	14
12538	6	14
12831	6	15
12832	6	15
12833	6	15
13424	6	16
13425	6	16
13434	6	16
13575	6	16
13899	6	17
13902	6	17
14213	6	17
14218	6	17
14733	6	18
14737	6	18
14809	6	18
14814	6	18
14835	6	18
14976	6	19
15051	6	19
15130	6	19
15132	6	19
15665	6	20
15671	6	20
15966	6	22
16137	6	22
16276	6	X
16331	6	X
16336	6	X
16366	6	X
16368	6	X
16369	6	X
16371	6	X
16372	6	X
16445	6	X
16466	6	X
16683	6	X
16686	6	X
16711	6	X
16745	6	X
16767	6	X
17003	6	X
17016	6	X
17017	6	X
17018	6	X
17204	6	X
17212	6	X
17213	6	X
17215	6	X
17216	6	X
17218	6	X
17224	6	X
17519	6	X
17649	6	X
46	7	1
47	7	1
372	7	1
949	7	1
2199	7	2
2200	7	2
2670	7	2
2852	7	3
3260	7	3
3630	7	3
3823	7	3
3902	7	4
4036	7	4
4414	7	4
4678	7	4
4679	7	4
4681	7	4
4682	7	4
5006	7	5
5008	7	5
5063	7	5
5110	7	5
5128	7	5
5129	7	5
5133	7	5
6111	7	6
6196	7	6
6197	7	6
6199	7	6
6354	7	6
6425	7	6
6873	7	6
6925	7	7
6988	7	7
6989	7	7
6990	7	7
6993	7	7
6994	7	7
6995	7	7
6998	7	7
7000	7	7
7001	7	7
7002	7	7
7003	7	7
7006	7	7
7007	7	7
7009	7	7
7012	7	7
7014	7	7
7017	7	7
7018	7	7
7020	7	7
7021	7	7
7022	7	7
7028	7	7
7029	7	7
7030	7	7
7031	7	7
7032	7	7
7033	7	7
7034	7	7
7043	7	7
7044	7	7
7045	7	7
7059	7	7
7060	7	7
7061	7	7
7062	7	7
7066	7	7
7070	7	7
7074	7	7
7075	7	7
7078	7	7
7079	7	7
7081	7	7
7082	7	7
7083	7	7
7084	7	7
7086	7	7
7103	7	7
7104	7	7
7105	7	7
7106	7	7
7107	7	7
7109	7	7
7111	7	7
7112	7	7
7113	7	7
7126	7	7
7127	7	7
7128	7	7
7133	7	7
7135	7	7
7136	7	7
7137	7	7
7139	7	7
7144	7	7
7145	7	7
7148	7	7
7150	7	7
7152	7	7
7154	7	7
7177	7	7
7178	7	7
7179	7	7
7180	7	7
7181	7	7
7183	7	7
7188	7	7
7189	7	7
7190	7	7
7191	7	7
7193	7	7
7194	7	7
7195	7	7
7197	7	7
7199	7	7
7202	7	7
7203	7	7
7205	7	7
7206	7	7
7208	7	7
7209	7	7
7211	7	7
7212	7	7
7345	7	7
7492	7	7
7493	7	7
7494	7	7
7496	7	7
7500	7	7
7501	7	7
7515	7	7
7517	7	7
7518	7	7
7519	7	7
7524	7	7
7525	7	7
7530	7	7
7533	7	7
7535	7	7
7537	7	7
7538	7	7
7539	7	7
7540	7	7
7542	7	7
7543	7	7
7547	7	7
7553	7	7
7554	7	7
7555	7	7
7556	7	7
7557	7	7
7563	7	7
7565	7	7
7566	7	7
7567	7	7
7569	7	7
7571	7	7
7572	7	7
7574	7	7
7575	7	7
7576	7	7
7577	7	7
7581	7	7
7582	7	7
7584	7	7
7603	7	7
7627	7	7
7655	7	7
7656	7	7
7657	7	7
7658	7	7
7661	7	7
7663	7	7
7664	7	7
7666	7	7
7674	7	7
7675	7	7
7676	7	7
7677	7	7
7687	7	7
7688	7	7
7690	7	7
7692	7	7
7693	7	7
7695	7	7
7698	7	7
7702	7	7
7704	7	7
7707	7	7
7709	7	7
7710	7	7
7711	7	7
7714	7	7
7715	7	7
7716	7	7
7717	7	7
7718	7	7
7723	7	7
7726	7	7
7727	7	7
7729	7	7
7732	7	7
7734	7	7
7736	7	7
7738	7	7
7740	7	7
7743	7	7
7745	7	7
7746	7	7
7747	7	7
7748	7	7
7749	7	7
7751	7	7
7754	7	7
7755	7	7
7756	7	7
7757	7	7
7758	7	7
7759	7	7
7760	7	7
7761	7	7
7763	7	7
7765	7	7
7766	7	7
7767	7	7
7786	7	7
7788	7	7
7790	7	7
7792	7	7
7794	7	7
7795	7	7
7796	7	7
7797	7	7
7798	7	7
7799	7	7
7800	7	7
7801	7	7
7802	7	7
7803	7	7
7808	7	7
7809	7	7
7810	7	7
7811	7	7
7812	7	7
7815	7	7
7816	7	7
7817	7	7
7818	7	7
7825	7	7
7828	7	7
7830	7	7
7831	7	7
7835	7	7
7836	7	7
7838	7	7
7878	7	7
7880	7	7
7882	7	7
7883	7	7
7884	7	7
7886	7	7
7888	7	7
7889	7	7
7890	7	7
7906	7	7
7907	7	7
7955	7	7
7956	7	7
7958	7	7
7959	7	7
7980	7	7
7981	7	7
7983	7	7
7984	7	7
7986	7	7
7987	7	7
7991	7	7
7995	7	7
8053	7	8
8278	7	8
8319	7	8
8361	7	8
8567	7	8
8574	7	8
9243	7	9
9428	7	9
9434	7	9
9522	7	10
9531	7	10
10718	7	11
11188	7	12
11231	7	12
11367	7	12
11368	7	12
11375	7	12
11377	7	12
11454	7	12
12068	7	13
12119	7	13
14254	7	17
14331	7	17
14441	7	17
14443	7	17
14445	7	17
14663	7	18
15265	7	19
15511	7	20
15851	7	21
15886	7	21
16106	7	22
16107	7	22
16154	7	22
16546	7	X
16584	7	X
16589	7	X
16743	7	X
17361	7	X
17603	7	X
17682	7	X
17685	7	X
18	8	1
19	8	1
518	8	1
1128	8	1
1498	8	2
1591	8	2
2215	8	2
2367	8	2
2441	8	2
2448	8	2
2455	8	2
2527	8	2
2528	8	2
2530	8	2
2533	8	2
2617	8	2
2621	8	2
2624	8	2
2626	8	2
2631	8	2
2695	8	2
2696	8	2
2697	8	2
2698	8	2
2706	8	2
2708	8	2
2749	8	2
2750	8	2
2752	8	2
2777	8	2
2778	8	2
2822	8	3
2836	8	3
2929	8	3
3367	8	3
3393	8	3
3394	8	3
3776	8	3
3781	8	3
3782	8	3
3788	8	3
3854	8	3
4131	8	4
4726	8	4
4727	8	4
5355	8	5
5681	8	5
5684	8	5
5939	8	5
5945	8	5
5949	8	5
5955	8	6
5993	8	6
6012	8	6
6013	8	6
6014	8	6
6018	8	6
6019	8	6
6020	8	6
6024	8	6
6026	8	6
6110	8	6
7046	8	7
7225	8	7
7622	8	7
8018	8	8
8030	8	8
8149	8	8
8150	8	8
8151	8	8
8152	8	8
8154	8	8
8155	8	8
8156	8	8
8158	8	8
8159	8	8
8163	8	8
8176	8	8
8177	8	8
8178	8	8
8179	8	8
8181	8	8
8182	8	8
8183	8	8
8193	8	8
8194	8	8
8195	8	8
8197	8	8
8198	8	8
8199	8	8
8200	8	8
8203	8	8
8204	8	8
8205	8	8
8206	8	8
8207	8	8
8209	8	8
8210	8	8
8213	8	8
8214	8	8
8222	8	8
8283	8	8
8289	8	8
8290	8	8
8291	8	8
8293	8	8
8294	8	8
8295	8	8
8297	8	8
8299	8	8
8300	8	8
8302	8	8
8305	8	8
8306	8	8
8307	8	8
8310	8	8
8311	8	8
8312	8	8
8315	8	8
8318	8	8
8321	8	8
8329	8	8
8333	8	8
8334	8	8
8336	8	8
8338	8	8
8340	8	8
8343	8	8
8345	8	8
8350	8	8
8351	8	8
8352	8	8
8353	8	8
8355	8	8
8356	8	8
8357	8	8
8359	8	8
8363	8	8
8364	8	8
8365	8	8
8366	8	8
8369	8	8
8370	8	8
8371	8	8
8372	8	8
8373	8	8
8376	8	8
8377	8	8
8380	8	8
8382	8	8
8383	8	8
8386	8	8
8387	8	8
8388	8	8
8389	8	8
8390	8	8
8392	8	8
8394	8	8
8395	8	8
8402	8	8
8403	8	8
8408	8	8
8411	8	8
8412	8	8
8413	8	8
8414	8	8
8415	8	8
8416	8	8
8417	8	8
8418	8	8
8419	8	8
8420	8	8
8421	8	8
8422	8	8
8423	8	8
8428	8	8
8432	8	8
8434	8	8
8435	8	8
8436	8	8
8438	8	8
8439	8	8
8441	8	8
8442	8	8
8445	8	8
8446	8	8
8447	8	8
8448	8	8
8449	8	8
8450	8	8
8459	8	8
8466	8	8
8467	8	8
8468	8	8
8470	8	8
8471	8	8
8472	8	8
8473	8	8
8475	8	8
8477	8	8
8480	8	8
8481	8	8
8486	8	8
8491	8	8
8499	8	8
8501	8	8
8502	8	8
8503	8	8
8504	8	8
8516	8	8
8517	8	8
8520	8	8
8521	8	8
8522	8	8
8524	8	8
8527	8	8
8530	8	8
8532	8	8
8533	8	8
8534	8	8
8537	8	8
8539	8	8
8541	8	8
8543	8	8
8547	8	8
8549	8	8
8568	8	8
8578	8	8
8579	8	8
8580	8	8
8581	8	8
8582	8	8
8583	8	8
8584	8	8
8585	8	8
8588	8	8
8590	8	8
8593	8	8
8594	8	8
8595	8	8
8596	8	8
8597	8	8
8598	8	8
8600	8	8
8601	8	8
8603	8	8
8604	8	8
8605	8	8
8606	8	8
8609	8	8
8610	8	8
8611	8	8
8612	8	8
8615	8	8
8616	8	8
8617	8	8
8618	8	8
8619	8	8
8621	8	8
8622	8	8
8623	8	8
8624	8	8
8625	8	8
8628	8	8
8631	8	8
8635	8	8
8636	8	8
8638	8	8
8640	8	8
8641	8	8
8642	8	8
8643	8	8
8645	8	8
8649	8	8
8657	8	8
8659	8	8
8660	8	8
8663	8	8
8665	8	8
8668	8	8
8669	8	8
8671	8	8
8675	8	8
8676	8	8
8678	8	8
8679	8	8
8712	8	8
8715	8	8
8716	8	8
8717	8	8
8718	8	8
8720	8	8
8722	8	8
8723	8	8
8724	8	8
8725	8	8
8726	8	8
8727	8	8
8728	8	8
8731	8	8
8732	8	8
8733	8	8
8735	8	8
8736	8	8
9110	8	9
9111	8	9
9114	8	9
9666	8	10
9905	8	10
9920	8	10
9922	8	10
9985	8	10
9986	8	10
9988	8	10
10229	8	11
10321	8	11
10730	8	11
10845	8	11
10984	8	11
11202	8	12
11203	8	12
11204	8	12
11208	8	12
11209	8	12
11212	8	12
11213	8	12
11214	8	12
11216	8	12
11217	8	12
11219	8	12
11220	8	12
11221	8	12
11223	8	12
11224	8	12
11225	8	12
11226	8	12
11228	8	12
11408	8	12
11670	8	12
11672	8	12
11693	8	12
11697	8	12
12238	8	14
12242	8	14
12345	8	14
13161	8	15
13207	8	16
13609	8	16
13611	8	16
13612	8	16
13613	8	16
13614	8	16
13948	8	17
14521	8	17
14686	8	18
14689	8	18
14690	8	18
14691	8	18
14692	8	18
14878	8	19
14888	8	19
14890	8	19
15082	8	19
15196	8	19
15589	8	20
16093	8	22
16110	8	22
16113	8	22
16267	8	X
16269	8	X
16271	8	X
16283	8	X
16286	8	X
16314	8	X
16317	8	X
16483	8	X
16888	8	X
17357	8	X
17376	8	X
17460	8	X
17489	8	X
17503	8	X
129	9	1
327	9	1
328	9	1
974	9	1
975	9	1
977	9	1
979	9	1
982	9	1
983	9	1
997	9	1
1109	9	1
1352	9	1
1485	9	2
2457	9	2
2995	9	3
3107	9	3
4156	9	4
4162	9	4
6622	9	6
6624	9	6
7162	9	7
7282	9	7
7283	9	7
7284	9	7
7285	9	7
7286	9	7
7316	9	7
7548	9	7
7549	9	7
8613	9	8
8630	9	8
8764	9	9
8773	9	9
8775	9	9
8776	9	9
8777	9	9
8779	9	9
8781	9	9
8784	9	9
8785	9	9
8787	9	9
8788	9	9
8791	9	9
8795	9	9
8797	9	9
8804	9	9
8807	9	9
8808	9	9
8809	9	9
8810	9	9
8811	9	9
8814	9	9
8815	9	9
8816	9	9
8818	9	9
8819	9	9
8820	9	9
8825	9	9
8829	9	9
8831	9	9
8833	9	9
8834	9	9
8835	9	9
8837	9	9
8838	9	9
8842	9	9
8850	9	9
8853	9	9
8857	9	9
8859	9	9
8860	9	9
8861	9	9
8862	9	9
8863	9	9
8866	9	9
8870	9	9
8873	9	9
8874	9	9
8877	9	9
8878	9	9
8879	9	9
8880	9	9
8882	9	9
8884	9	9
8887	9	9
8891	9	9
8892	9	9
8893	9	9
8896	9	9
8897	9	9
8898	9	9
8899	9	9
8902	9	9
8906	9	9
8908	9	9
8910	9	9
8911	9	9
8912	9	9
8913	9	9
8914	9	9
8915	9	9
8916	9	9
8917	9	9
8922	9	9
8923	9	9
8924	9	9
8925	9	9
8926	9	9
8927	9	9
8928	9	9
8929	9	9
8931	9	9
8932	9	9
8934	9	9
8939	9	9
8946	9	9
8947	9	9
9128	9	9
9445	9	9
9547	9	10
9548	9	10
9549	9	10
9553	9	10
9554	9	10
9555	9	10
9557	9	10
9558	9	10
9561	9	10
9704	9	10
9731	9	10
10416	9	11
10913	9	11
10920	9	11
10921	9	11
10926	9	11
10928	9	11
10929	9	11
10931	9	11
10933	9	11
10934	9	11
10935	9	11
10936	9	11
10937	9	11
10939	9	11
10954	9	11
10965	9	11
10966	9	11
10969	9	11
11332	9	12
11572	9	12
12264	9	14
12417	9	14
12642	9	14
12646	9	14
12647	9	14
12649	9	14
12650	9	14
13615	9	16
13616	9	16
13829	9	16
13831	9	16
13833	9	16
13836	9	16
14259	9	17
14403	9	17
14409	9	17
14598	9	18
14775	9	18
14776	9	18
14779	9	18
15402	9	19
15908	9	21
15913	9	21
15916	9	21
15936	9	21
16423	9	X
16509	9	X
16531	9	X
16626	9	X
16663	9	X
16982	9	X
17411	9	X
214	10	1
252	10	1
253	10	1
254	10	1
255	10	1
257	10	1
688	10	1
1002	10	1
1029	10	1
1030	10	1
1037	10	1
1202	10	1
1203	10	1
1273	10	1
3036	10	3
3086	10	3
3316	10	3
4086	10	4
4088	10	4
4092	10	4
5475	10	5
6324	10	6
6326	10	6
8058	10	8
8059	10	8
8060	10	8
8062	10	8
8063	10	8
8064	10	8
8065	10	8
8068	10	8
8069	10	8
8071	10	8
8074	10	8
8075	10	8
8658	10	8
8827	10	9
8828	10	9
8858	10	9
9106	10	9
9107	10	9
9174	10	9
9175	10	9
9178	10	9
9179	10	9
9183	10	9
9205	10	9
9208	10	9
9209	10	9
9213	10	9
9220	10	9
9221	10	9
9223	10	9
9228	10	9
9241	10	9
9245	10	9
9270	10	9
9271	10	9
9275	10	9
9292	10	9
9293	10	9
9297	10	9
9299	10	9
9300	10	9
9303	10	9
9304	10	9
9306	10	9
9308	10	9
9310	10	9
9312	10	9
9316	10	9
9319	10	9
9320	10	9
9323	10	9
9325	10	9
9327	10	9
9328	10	9
9329	10	9
9332	10	9
9333	10	9
9334	10	9
9335	10	9
9339	10	9
9341	10	9
9342	10	9
9343	10	9
9344	10	9
9349	10	9
9352	10	9
9356	10	9
9357	10	9
9359	10	9
9360	10	9
9363	10	9
9364	10	9
9366	10	9
9367	10	9
9368	10	9
9369	10	9
9372	10	9
9374	10	9
9379	10	9
9380	10	9
9383	10	9
9384	10	9
9393	10	9
9394	10	9
9396	10	9
9406	10	9
9442	10	9
9444	10	9
9448	10	9
9463	10	9
10943	10	11
10944	10	11
10945	10	11
10947	10	11
10950	10	11
11122	10	12
11762	10	12
11806	10	12
11818	10	12
12069	10	13
12594	10	14
12595	10	14
12598	10	14
13355	10	16
13885	10	17
14491	10	17
14766	10	18
14927	10	19
14932	10	19
14934	10	19
15103	10	19
15245	10	19
15247	10	19
15248	10	19
15250	10	19
15252	10	19
15256	10	19
15259	10	19
15335	10	19
15409	10	19
15484	10	19
15634	10	20
15637	10	20
16675	10	X
16722	10	X
16738	10	X
16751	10	X
16886	10	X
16893	10	X
16961	10	X
16981	10	X
16983	10	X
16988	10	X
16995	10	X
17000	10	X
17008	10	X
17010	10	X
17012	10	X
17013	10	X
17022	10	X
17024	10	X
17026	10	X
17038	10	X
17197	10	X
17203	10	X
17333	10	X
17335	10	X
17340	10	X
17345	10	X
17358	10	X
17359	10	X
17468	10	X
17564	10	X
122	11	1
392	11	1
440	11	1
459	11	1
747	11	1
1277	11	1
1710	11	2
1712	11	2
1713	11	2
1714	11	2
2208	11	2
2396	11	2
2399	11	2
2723	11	2
2724	11	2
2725	11	2
3451	11	3
3454	11	3
3747	11	3
3748	11	3
3750	11	3
4701	11	4
4747	11	4
5162	11	5
5507	11	5
5936	11	5
6009	11	6
6500	11	6
6510	11	6
7168	11	7
7937	11	7
8451	11	8
8453	11	8
8456	11	8
8680	11	8
8682	11	8
8684	11	8
8849	11	9
9185	11	9
9534	11	10
9541	11	10
9545	11	10
9567	11	10
9592	11	10
9660	11	10
9661	11	10
9662	11	10
9663	11	10
9665	11	10
9669	11	10
9728	11	10
9734	11	10
9745	11	10
9794	11	10
9818	11	10
9819	11	10
9820	11	10
9821	11	10
9822	11	10
9823	11	10
9826	11	10
9827	11	10
9828	11	10
9829	11	10
9830	11	10
9831	11	10
9832	11	10
9833	11	10
9835	11	10
9838	11	10
9839	11	10
9840	11	10
9841	11	10
9843	11	10
9845	11	10
9847	11	10
9848	11	10
9849	11	10
9850	11	10
9852	11	10
9853	11	10
9855	11	10
9856	11	10
9857	11	10
9858	11	10
9860	11	10
9861	11	10
9863	11	10
9865	11	10
9866	11	10
9868	11	10
9869	11	10
9870	11	10
9871	11	10
9873	11	10
9874	11	10
9875	11	10
9885	11	10
9890	11	10
9893	11	10
9894	11	10
9895	11	10
9896	11	10
9918	11	10
9925	11	10
9927	11	10
9931	11	10
9934	11	10
9957	11	10
9961	11	10
9965	11	10
9966	11	10
9967	11	10
9968	11	10
9970	11	10
9971	11	10
9972	11	10
9973	11	10
9974	11	10
9981	11	10
9982	11	10
9983	11	10
10003	11	10
10004	11	10
10005	11	10
10006	11	10
10007	11	10
10008	11	10
10009	11	10
10010	11	10
10011	11	10
10016	11	10
10017	11	10
10032	11	10
10049	11	10
10051	11	10
10057	11	10
10060	11	10
10061	11	10
10064	11	10
10066	11	10
10068	11	10
10070	11	10
10071	11	10
10087	11	10
10088	11	10
10090	11	10
10094	11	10
10095	11	10
10097	11	10
10098	11	10
10099	11	10
10100	11	10
10101	11	10
10103	11	10
10105	11	10
10107	11	10
10108	11	10
10109	11	10
10110	11	10
10111	11	10
10112	11	10
10113	11	10
10114	11	10
10115	11	10
10116	11	10
10118	11	10
10121	11	10
10125	11	10
10127	11	10
10128	11	10
10131	11	10
10132	11	10
10133	11	10
10134	11	10
10136	11	10
10138	11	10
10140	11	10
10141	11	10
10143	11	10
10144	11	10
10146	11	10
10148	11	10
10149	11	10
10150	11	10
10151	11	10
10153	11	10
10156	11	10
10158	11	10
10159	11	10
10161	11	10
10162	11	10
10163	11	10
10164	11	10
10168	11	10
10169	11	10
10172	11	10
10173	11	10
10175	11	10
10176	11	10
10177	11	10
10178	11	10
10179	11	10
10181	11	10
10184	11	10
10185	11	10
10212	11	11
10781	11	11
10846	11	11
11638	11	12
11640	11	12
11968	11	13
11974	11	13
12168	11	13
13037	11	15
13039	11	15
13112	11	15
13114	11	15
13116	11	15
13134	11	15
13136	11	15
13139	11	15
13140	11	15
13141	11	15
13146	11	15
13147	11	15
13148	11	15
13150	11	15
13153	11	15
13158	11	15
13789	11	16
13924	11	17
14145	11	17
14147	11	17
14347	11	17
14349	11	17
15367	11	19
15370	11	19
15669	11	20
16417	11	X
16508	11	X
16512	11	X
16803	11	X
17338	11	X
17428	11	X
17430	11	X
16	12	1
24	12	1
26	12	1
27	12	1
269	12	1
275	12	1
279	12	1
280	12	1
281	12	1
282	12	1
286	12	1
288	12	1
290	12	1
294	12	1
295	12	1
299	12	1
304	12	1
901	12	1
2674	12	2
2675	12	2
2676	12	2
2677	12	2
2678	12	2
2679	12	2
2681	12	2
2683	12	2
2685	12	2
2686	12	2
2688	12	2
2690	12	2
2692	12	2
2693	12	2
2694	12	2
2726	12	2
2732	12	2
2733	12	2
2734	12	2
3022	12	3
3065	12	3
3069	12	3
3070	12	3
3074	12	3
3137	12	3
4126	12	4
4127	12	4
5388	12	5
5390	12	5
5508	12	5
5598	12	5
6318	12	6
6320	12	6
7155	12	7
7156	12	7
7157	12	7
7159	12	7
7160	12	7
7998	12	7
8572	12	8
8573	12	8
8966	12	9
10186	12	10
10190	12	10
10281	12	11
10283	12	11
10284	12	11
11016	12	11
11080	12	12
11083	12	12
11098	12	12
11245	12	12
11247	12	12
11329	12	12
11333	12	12
11352	12	12
11354	12	12
11356	12	12
11357	12	12
12180	12	13
12181	12	13
12183	12	13
12188	12	13
12189	12	13
12190	12	13
12191	12	13
12194	12	13
13475	12	16
14240	12	17
14241	12	17
14369	12	17
14378	12	17
14381	12	17
14424	12	17
14470	12	17
14477	12	17
14478	12	17
15332	12	19
15345	12	19
15707	12	20
15715	12	20
15723	12	20
15724	12	20
15726	12	20
15728	12	20
15734	12	20
15740	12	20
15746	12	20
15747	12	20
15748	12	20
15755	12	20
15760	12	20
15763	12	20
15764	12	20
15768	12	20
15769	12	20
15772	12	20
15773	12	20
15776	12	20
15777	12	20
15780	12	20
16179	12	22
16458	12	X
16920	12	X
17191	12	X
17253	12	X
102	13	1
105	13	1
177	13	1
1727	13	2
1728	13	2
2152	13	2
2153	13	2
2159	13	2
2379	13	2
2754	13	2
2755	13	2
3027	13	3
3030	13	3
3345	13	3
4024	13	4
5678	13	5
5680	13	5
6058	13	6
6059	13	6
6061	13	6
6065	13	6
6362	13	6
7503	13	7
7608	13	7
7610	13	7
7648	13	7
9229	13	9
9231	13	9
9521	13	10
9523	13	10
10022	13	10
10285	13	11
10290	13	11
10295	13	11
10297	13	11
10298	13	11
10300	13	11
10302	13	11
10303	13	11
10305	13	11
10306	13	11
10309	13	11
10311	13	11
10312	13	11
10313	13	11
10324	13	11
10325	13	11
10328	13	11
10330	13	11
10332	13	11
10335	13	11
10337	13	11
10339	13	11
10340	13	11
10342	13	11
10347	13	11
10348	13	11
10349	13	11
10351	13	11
10352	13	11
10355	13	11
10359	13	11
10360	13	11
10365	13	11
10367	13	11
10370	13	11
10371	13	11
10372	13	11
10373	13	11
10376	13	11
10377	13	11
10379	13	11
10380	13	11
10381	13	11
10382	13	11
10384	13	11
10386	13	11
10387	13	11
10388	13	11
10390	13	11
10392	13	11
10395	13	11
10396	13	11
10397	13	11
10400	13	11
10402	13	11
10403	13	11
10411	13	11
10422	13	11
10424	13	11
10426	13	11
10430	13	11
10435	13	11
10437	13	11
10438	13	11
10439	13	11
10440	13	11
10442	13	11
10444	13	11
10445	13	11
10447	13	11
10448	13	11
10456	13	11
10457	13	11
10458	13	11
10459	13	11
10461	13	11
10465	13	11
10466	13	11
10470	13	11
10471	13	11
10474	13	11
10478	13	11
10479	13	11
10482	13	11
10483	13	11
10486	13	11
10499	13	11
10504	13	11
10505	13	11
10555	13	11
10560	13	11
10564	13	11
10566	13	11
10568	13	11
10570	13	11
10574	13	11
10575	13	11
10582	13	11
10587	13	11
10588	13	11
10592	13	11
10597	13	11
10598	13	11
10599	13	11
10600	13	11
10603	13	11
10604	13	11
10614	13	11
10616	13	11
10618	13	11
10621	13	11
10651	13	11
10653	13	11
10658	13	11
10661	13	11
10666	13	11
10687	13	11
10691	13	11
10692	13	11
10696	13	11
10713	13	11
10715	13	11
10716	13	11
10719	13	11
10720	13	11
10721	13	11
10723	13	11
10724	13	11
10726	13	11
10728	13	11
11025	13	11
11050	13	12
11052	13	12
11057	13	12
11059	13	12
11060	13	12
11061	13	12
11062	13	12
11063	13	12
11064	13	12
11065	13	12
11260	13	12
11263	13	12
11326	13	12
11535	13	12
11749	13	12
11760	13	12
11765	13	12
12307	13	14
14223	13	17
15342	13	19
15343	13	19
16011	13	22
16099	13	22
16278	13	X
16279	13	X
16280	13	X
16469	13	X
16660	13	X
17103	13	X
17219	13	X
17220	13	X
17329	13	X
675	14	1
863	14	1
874	14	1
878	14	1
1750	14	2
1751	14	2
1960	14	2
2005	14	2
2007	14	2
2009	14	2
3023	14	3
3026	14	3
3861	14	4
3862	14	4
4625	14	4
6084	14	6
6086	14	6
6108	14	6
6109	14	6
6203	14	6
7023	14	7
7025	14	7
7643	14	7
8034	14	8
8164	14	8
8166	14	8
8168	14	8
8169	14	8
8170	14	8
8171	14	8
8172	14	8
8221	14	8
8272	14	8
8275	14	8
8429	14	8
8710	14	8
8711	14	8
9214	14	9
9215	14	9
9282	14	9
9284	14	9
9291	14	9
9305	14	9
9472	14	10
9484	14	10
9491	14	10
9495	14	10
9497	14	10
9500	14	10
9504	14	10
9508	14	10
9509	14	10
9511	14	10
9512	14	10
9513	14	10
9515	14	10
9516	14	10
9520	14	10
9528	14	10
9530	14	10
9563	14	10
9564	14	10
9565	14	10
9566	14	10
9569	14	10
9575	14	10
9576	14	10
9577	14	10
9579	14	10
9580	14	10
9581	14	10
9582	14	10
9583	14	10
9584	14	10
9586	14	10
9587	14	10
9588	14	10
9589	14	10
9590	14	10
9593	14	10
9594	14	10
9597	14	10
9599	14	10
9600	14	10
9601	14	10
9604	14	10
9606	14	10
9608	14	10
9610	14	10
9612	14	10
9614	14	10
9617	14	10
9619	14	10
9621	14	10
9623	14	10
9625	14	10
9627	14	10
9630	14	10
9633	14	10
9634	14	10
9635	14	10
9638	14	10
9640	14	10
9644	14	10
9646	14	10
9648	14	10
9651	14	10
9652	14	10
9653	14	10
9990	14	10
10315	14	11
10320	14	11
10591	14	11
10601	14	11
10606	14	11
10611	14	11
10612	14	11
10732	14	11
10742	14	11
10743	14	11
10961	14	11
10972	14	11
11002	14	11
11005	14	11
11008	14	11
11009	14	11
11011	14	11
11012	14	11
11013	14	11
11014	14	11
11015	14	11
11293	14	12
12055	14	13
12103	14	13
12359	14	14
12629	14	14
12637	14	14
12934	14	15
12938	14	15
14539	14	18
14543	14	18
14544	14	18
14545	14	18
14548	14	18
14550	14	18
14554	14	18
14555	14	18
14556	14	18
14557	14	18
14558	14	18
14559	14	18
14560	14	18
14566	14	18
14567	14	18
14568	14	18
14570	14	18
14571	14	18
14574	14	18
14577	14	18
14578	14	18
14585	14	18
14586	14	18
14587	14	18
14589	14	18
14595	14	18
14646	14	18
14648	14	18
14649	14	18
14651	14	18
14652	14	18
14653	14	18
14654	14	18
14656	14	18
14657	14	18
14661	14	18
14664	14	18
14665	14	18
14666	14	18
14668	14	18
14669	14	18
14671	14	18
14672	14	18
14673	14	18
14674	14	18
14675	14	18
14676	14	18
14677	14	18
14678	14	18
14688	14	18
14701	14	18
14706	14	18
14707	14	18
14709	14	18
14711	14	18
14712	14	18
14713	14	18
14714	14	18
14716	14	18
14717	14	18
14718	14	18
14720	14	18
14721	14	18
14724	14	18
14725	14	18
14726	14	18
14727	14	18
14732	14	18
14751	14	18
14754	14	18
14759	14	18
14760	14	18
14761	14	18
14762	14	18
14763	14	18
14767	14	18
14768	14	18
14770	14	18
14771	14	18
14782	14	18
14783	14	18
14784	14	18
14785	14	18
14787	14	18
14788	14	18
14789	14	18
14790	14	18
14793	14	18
14794	14	18
14795	14	18
14796	14	18
14798	14	18
14799	14	18
14800	14	18
14801	14	18
14803	14	18
14804	14	18
14805	14	18
14806	14	18
14807	14	18
14808	14	18
14810	14	18
14815	14	18
14816	14	18
14817	14	18
14819	14	18
14821	14	18
14824	14	18
14825	14	18
14830	14	18
14840	14	18
15422	14	19
15423	14	19
15782	14	20
15785	14	20
17178	14	X
17339	14	X
17346	14	X
4	15	1
61	15	1
908	15	1
1938	15	2
2720	15	2
2721	15	2
2722	15	2
3596	15	3
7731	15	7
8223	15	8
8276	15	8
8996	15	9
8999	15	9
9289	15	9
9720	15	10
9837	15	10
10517	15	11
10745	15	11
10746	15	11
10749	15	11
10750	15	11
10751	15	11
10753	15	11
10754	15	11
10756	15	11
10757	15	11
10758	15	11
10759	15	11
10760	15	11
10768	15	11
10769	15	11
10771	15	11
10772	15	11
10773	15	11
10774	15	11
10776	15	11
10777	15	11
10784	15	11
10786	15	11
10787	15	11
10797	15	11
10831	15	11
10832	15	11
10833	15	11
10834	15	11
10835	15	11
10837	15	11
10838	15	11
10839	15	11
10842	15	11
10843	15	11
10844	15	11
10860	15	11
10861	15	11
10862	15	11
10863	15	11
10865	15	11
10866	15	11
10867	15	11
10868	15	11
10869	15	11
10872	15	11
10873	15	11
10874	15	11
10875	15	11
10877	15	11
10883	15	11
10884	15	11
10888	15	11
10889	15	11
10890	15	11
10892	15	11
10893	15	11
10897	15	11
10900	15	11
10901	15	11
10902	15	11
10903	15	11
10906	15	11
10940	15	11
10941	15	11
12614	15	14
12615	15	14
12619	15	14
12792	15	15
12794	15	15
12808	15	15
12809	15	15
12811	15	15
12817	15	15
12818	15	15
12820	15	15
12826	15	15
12828	15	15
12899	15	15
12903	15	15
12904	15	15
12905	15	15
12906	15	15
12907	15	15
12908	15	15
12909	15	15
12910	15	15
12911	15	15
12915	15	15
12917	15	15
12918	15	15
12923	15	15
12924	15	15
12925	15	15
12928	15	15
12933	15	15
12939	15	15
12940	15	15
12942	15	15
12944	15	15
12945	15	15
12947	15	15
12949	15	15
12950	15	15
12951	15	15
12956	15	15
12957	15	15
12958	15	15
12959	15	15
12960	15	15
12962	15	15
12964	15	15
12967	15	15
12968	15	15
12971	15	15
12972	15	15
12974	15	15
12978	15	15
12988	15	15
12994	15	15
12996	15	15
12997	15	15
12998	15	15
12999	15	15
13026	15	15
13077	15	15
13078	15	15
14052	15	17
14055	15	17
14400	15	17
14406	15	17
14490	15	17
14682	15	18
14684	15	18
15766	15	20
16486	15	X
17172	15	X
17293	15	X
17348	15	X
985	16	1
988	16	1
990	16	1
996	16	1
1006	16	1
1019	16	1
1668	16	2
2763	16	2
2764	16	2
2765	16	2
2766	16	2
2767	16	2
2771	16	2
3456	16	3
4175	16	4
4176	16	4
4707	16	4
4709	16	4
5702	16	5
5704	16	5
5706	16	5
5712	16	5
5714	16	5
5717	16	5
5725	16	5
5729	16	5
8268	16	8
10034	16	10
10035	16	10
10036	16	10
10693	16	11
11027	16	11
11029	16	11
11031	16	11
11124	16	12
11128	16	12
11145	16	12
11146	16	12
11147	16	12
11149	16	12
11241	16	12
11284	16	12
11288	16	12
11298	16	12
11299	16	12
11300	16	12
11304	16	12
11306	16	12
11313	16	12
11315	16	12
11316	16	12
11317	16	12
11318	16	12
11319	16	12
11321	16	12
11323	16	12
11864	16	13
12268	16	14
14551	16	18
14630	16	18
14792	16	18
15497	16	20
15499	16	20
15577	16	20
15641	16	20
15644	16	20
15647	16	20
15648	16	20
15655	16	20
15657	16	20
15829	16	21
15830	16	21
15831	16	21
15832	16	21
15834	16	21
15837	16	21
15841	16	21
15842	16	21
15843	16	21
15844	16	21
15847	16	21
15850	16	21
15852	16	21
15853	16	21
15855	16	21
15856	16	21
15858	16	21
15859	16	21
15860	16	21
15862	16	21
15863	16	21
15865	16	21
15871	16	21
15878	16	21
15879	16	21
15884	16	21
15889	16	21
15893	16	21
15894	16	21
15896	16	21
15899	16	21
15901	16	21
15903	16	21
16768	16	X
16770	16	X
17040	16	X
17122	16	X
17262	16	X
17517	16	X
23	17	1
166	17	1
225	17	1
227	17	1
228	17	1
229	17	1
231	17	1
369	17	1
889	17	1
1125	17	1
1167	17	1
1169	17	1
1172	17	1
1216	17	1
1217	17	1
1697	17	2
1699	17	2
1702	17	2
2914	17	3
2918	17	3
2919	17	3
3229	17	3
4943	17	5
5032	17	5
5034	17	5
5240	17	5
5241	17	5
5245	17	5
5761	17	5
5826	17	5
6100	17	6
6107	17	6
9912	17	10
10053	17	10
10414	17	11
10417	17	11
10419	17	11
11020	17	11
11021	17	11
11023	17	11
11024	17	11
11340	17	12
11382	17	12
11386	17	12
11413	17	12
11421	17	12
11428	17	12
11430	17	12
11434	17	12
11435	17	12
11436	17	12
11437	17	12
11438	17	12
11439	17	12
11440	17	12
11441	17	12
11442	17	12
11445	17	12
11448	17	12
11450	17	12
11452	17	12
11455	17	12
11456	17	12
11457	17	12
11458	17	12
11466	17	12
11469	17	12
11470	17	12
11471	17	12
11472	17	12
11473	17	12
11476	17	12
11477	17	12
11480	17	12
11481	17	12
11482	17	12
11485	17	12
11487	17	12
11489	17	12
11491	17	12
11492	17	12
11493	17	12
11494	17	12
11495	17	12
11502	17	12
11503	17	12
11504	17	12
11506	17	12
11508	17	12
11510	17	12
11513	17	12
11516	17	12
11519	17	12
11521	17	12
11522	17	12
11523	17	12
11525	17	12
11526	17	12
11527	17	12
11528	17	12
11530	17	12
11531	17	12
11532	17	12
11533	17	12
11536	17	12
11537	17	12
11538	17	12
11548	17	12
11549	17	12
11550	17	12
11551	17	12
11552	17	12
11553	17	12
11555	17	12
11556	17	12
11560	17	12
11562	17	12
11563	17	12
11566	17	12
11567	17	12
11568	17	12
11569	17	12
11571	17	12
11576	17	12
11585	17	12
11586	17	12
11587	17	12
11589	17	12
11590	17	12
11591	17	12
11592	17	12
11593	17	12
11594	17	12
11596	17	12
11597	17	12
11598	17	12
11599	17	12
11601	17	12
11602	17	12
11603	17	12
11604	17	12
11606	17	12
11607	17	12
11609	17	12
11611	17	12
11612	17	12
11613	17	12
11614	17	12
11615	17	12
11619	17	12
11620	17	12
11623	17	12
11626	17	12
11627	17	12
11628	17	12
11629	17	12
11630	17	12
11631	17	12
11632	17	12
11633	17	12
11634	17	12
11636	17	12
11641	17	12
11642	17	12
11645	17	12
11646	17	12
11647	17	12
11648	17	12
11649	17	12
11650	17	12
11651	17	12
11652	17	12
11655	17	12
11656	17	12
11684	17	12
11685	17	12
11686	17	12
11698	17	12
11700	17	12
11702	17	12
11722	17	12
11726	17	12
11742	17	12
11743	17	12
11767	17	12
11773	17	12
11776	17	12
11778	17	12
11779	17	12
11781	17	12
11782	17	12
11783	17	12
11786	17	12
11787	17	12
11814	17	12
12005	17	13
12295	17	14
12299	17	14
13156	17	15
13160	17	15
13824	17	16
13828	17	16
14018	17	17
14019	17	17
14169	17	17
14337	17	17
14344	17	17
15543	17	20
16039	17	22
16042	17	22
16045	17	22
16054	17	22
17258	17	X
505	18	1
964	18	1
1087	18	1
1088	18	1
1725	18	2
2319	18	2
2321	18	2
2323	18	2
2324	18	2
2327	18	2
2330	18	2
2513	18	2
2855	18	3
2858	18	3
3041	18	3
3110	18	3
3117	18	3
3123	18	3
3866	18	4
3892	18	4
3903	18	4
3904	18	4
3905	18	4
4581	18	4
4985	18	5
5184	18	5
5185	18	5
5190	18	5
5191	18	5
5196	18	5
5197	18	5
6706	18	6
7720	18	7
8492	18	8
9096	18	9
9097	18	9
9188	18	9
9189	18	9
9190	18	9
9192	18	9
9196	18	9
9198	18	9
9204	18	9
11196	18	12
11847	18	13
11851	18	13
11853	18	13
11856	18	13
11857	18	13
11858	18	13
11863	18	13
11867	18	13
11868	18	13
11869	18	13
11871	18	13
11875	18	13
11878	18	13
11879	18	13
11880	18	13
11884	18	13
11885	18	13
11891	18	13
11893	18	13
11894	18	13
11902	18	13
11903	18	13
11906	18	13
11907	18	13
11909	18	13
11911	18	13
11912	18	13
11915	18	13
11916	18	13
11917	18	13
11918	18	13
11919	18	13
11921	18	13
11923	18	13
11925	18	13
11926	18	13
11927	18	13
11928	18	13
11929	18	13
11936	18	13
11937	18	13
11940	18	13
11941	18	13
11942	18	13
11944	18	13
11945	18	13
11948	18	13
11949	18	13
11950	18	13
11951	18	13
11954	18	13
11956	18	13
11975	18	13
11976	18	13
11977	18	13
11978	18	13
11980	18	13
11985	18	13
11986	18	13
11996	18	13
12006	18	13
12007	18	13
12008	18	13
12009	18	13
12011	18	13
12012	18	13
12013	18	13
12015	18	13
12016	18	13
12017	18	13
12018	18	13
12019	18	13
12020	18	13
12021	18	13
12022	18	13
12026	18	13
12028	18	13
12029	18	13
12030	18	13
12036	18	13
12037	18	13
12038	18	13
12039	18	13
12040	18	13
12041	18	13
12042	18	13
12043	18	13
12048	18	13
12049	18	13
12050	18	13
12051	18	13
12052	18	13
12053	18	13
12059	18	13
12060	18	13
12061	18	13
12062	18	13
12065	18	13
12070	18	13
12071	18	13
12073	18	13
12074	18	13
12075	18	13
12076	18	13
12077	18	13
12078	18	13
12079	18	13
12081	18	13
12082	18	13
12084	18	13
12086	18	13
12087	18	13
12088	18	13
12089	18	13
12091	18	13
12093	18	13
12095	18	13
12096	18	13
12097	18	13
12098	18	13
12100	18	13
12101	18	13
12102	18	13
12104	18	13
12105	18	13
12107	18	13
12108	18	13
12109	18	13
12111	18	13
12112	18	13
12113	18	13
12114	18	13
12115	18	13
12116	18	13
12117	18	13
12122	18	13
12123	18	13
12124	18	13
12125	18	13
12126	18	13
12145	18	13
12146	18	13
12147	18	13
12149	18	13
12152	18	13
12153	18	13
12154	18	13
12156	18	13
12158	18	13
12159	18	13
12160	18	13
12161	18	13
12163	18	13
12164	18	13
12165	18	13
12166	18	13
12167	18	13
12169	18	13
12170	18	13
12171	18	13
12172	18	13
12173	18	13
12175	18	13
12176	18	13
12177	18	13
12179	18	13
12225	18	14
12478	18	14
12480	18	14
12482	18	14
12488	18	14
12490	18	14
12493	18	14
12495	18	14
12496	18	14
12498	18	14
12505	18	14
12509	18	14
12510	18	14
12511	18	14
12512	18	14
12514	18	14
12516	18	14
12517	18	14
12621	18	14
12622	18	14
13097	18	15
13100	18	15
13101	18	15
13103	18	15
13108	18	15
13110	18	15
13111	18	15
13579	18	16
13581	18	16
13692	18	16
13796	18	16
13809	18	16
13810	18	16
13814	18	16
13816	18	16
14693	18	18
15428	18	19
15980	18	22
16463	18	X
16723	18	X
17238	18	X
17587	18	X
1104	19	1
1731	19	2
1732	19	2
1733	19	2
1734	19	2
1740	19	2
1770	19	2
3581	19	3
3582	19	3
3987	19	4
4360	19	4
6000	19	6
6003	19	6
6004	19	6
6005	19	6
6006	19	6
6008	19	6
6015	19	6
6321	19	6
6322	19	6
6399	19	6
6577	19	6
6745	19	6
6965	19	7
8015	19	8
8016	19	8
8259	19	8
8327	19	8
8793	19	9
8802	19	9
9276	19	9
9278	19	9
9279	19	9
9280	19	9
9281	19	9
9287	19	9
9540	19	10
9977	19	10
10741	19	11
10957	19	11
10958	19	11
10960	19	11
10990	19	11
10991	19	11
11788	19	12
11793	19	12
12244	19	14
12257	19	14
12261	19	14
12265	19	14
12269	19	14
12271	19	14
12272	19	14
12273	19	14
12274	19	14
12275	19	14
12277	19	14
12280	19	14
12281	19	14
12282	19	14
12283	19	14
12289	19	14
12290	19	14
12291	19	14
12292	19	14
12293	19	14
12294	19	14
12301	19	14
12304	19	14
12309	19	14
12311	19	14
12313	19	14
12314	19	14
12316	19	14
12326	19	14
12332	19	14
12334	19	14
12336	19	14
12341	19	14
12342	19	14
12344	19	14
12349	19	14
12351	19	14
12352	19	14
12353	19	14
12355	19	14
12357	19	14
12358	19	14
12364	19	14
12365	19	14
12368	19	14
12369	19	14
12370	19	14
12372	19	14
12374	19	14
12376	19	14
12377	19	14
12380	19	14
12381	19	14
12387	19	14
12388	19	14
12389	19	14
12391	19	14
12393	19	14
12397	19	14
12398	19	14
12403	19	14
12404	19	14
12407	19	14
12410	19	14
12411	19	14
12413	19	14
12414	19	14
12415	19	14
12416	19	14
12418	19	14
12424	19	14
12425	19	14
12428	19	14
12430	19	14
12432	19	14
12436	19	14
12437	19	14
12438	19	14
12453	19	14
12454	19	14
12455	19	14
12459	19	14
12460	19	14
12462	19	14
12463	19	14
12464	19	14
12466	19	14
12468	19	14
12469	19	14
12470	19	14
12472	19	14
12474	19	14
12481	19	14
12518	19	14
12522	19	14
12523	19	14
12563	19	14
12564	19	14
12566	19	14
12568	19	14
12570	19	14
12572	19	14
12573	19	14
12574	19	14
12575	19	14
12576	19	14
12577	19	14
12578	19	14
12579	19	14
12580	19	14
12581	19	14
12582	19	14
12583	19	14
12586	19	14
12588	19	14
12590	19	14
12591	19	14
12602	19	14
12604	19	14
12855	19	15
12879	19	15
13345	19	16
13356	19	16
13793	19	16
14128	19	17
14504	19	17
14506	19	17
14508	19	17
14520	19	17
14757	19	18
15038	19	19
15042	19	19
15238	19	19
15263	19	19
16091	19	22
16285	19	X
16320	19	X
16322	19	X
16333	19	X
16335	19	X
16338	19	X
16339	19	X
16340	19	X
16342	19	X
16343	19	X
16370	19	X
16375	19	X
16401	19	X
16403	19	X
16405	19	X
16406	19	X
16408	19	X
16410	19	X
16413	19	X
16414	19	X
16415	19	X
16422	19	X
16425	19	X
16428	19	X
16432	19	X
16437	19	X
16439	19	X
16440	19	X
16441	19	X
16442	19	X
16443	19	X
16447	19	X
16448	19	X
16449	19	X
16450	19	X
16453	19	X
16477	19	X
16479	19	X
16519	19	X
16594	19	X
16651	19	X
16670	19	X
16779	19	X
16780	19	X
16790	19	X
16791	19	X
16792	19	X
16793	19	X
16837	19	X
16838	19	X
17168	19	X
17194	19	X
17202	19	X
17542	19	X
67	20	1
978	20	1
1785	20	2
4857	20	4
4858	20	4
4859	20	4
5998	20	6
6028	20	6
6029	20	6
6031	20	6
6033	20	6
6034	20	6
6036	20	6
6037	20	6
6038	20	6
6040	20	6
6042	20	6
6043	20	6
6047	20	6
6114	20	6
6116	20	6
6124	20	6
6127	20	6
6132	20	6
7071	20	7
7559	20	7
7560	20	7
7564	20	7
7632	20	7
7778	20	7
7785	20	7
9780	20	10
9782	20	10
9784	20	10
10218	20	11
10223	20	11
10225	20	11
10228	20	11
10230	20	11
11349	20	12
13051	20	15
13052	20	15
13053	20	15
13055	20	15
13079	20	15
13081	20	15
13084	20	15
13090	20	15
13093	20	15
13094	20	15
13113	20	15
14113	20	17
14168	20	17
15164	20	19
15317	20	19
15318	20	19
15319	20	19
15521	20	20
15522	20	20
15677	20	20
15679	20	20
15681	20	20
15682	20	20
15683	20	20
15686	20	20
15687	20	20
15688	20	20
15689	20	20
15690	20	20
15691	20	20
15692	20	20
15694	20	20
15697	20	20
15699	20	20
15701	20	20
15732	20	20
15927	20	21
15929	20	21
16067	20	22
16073	20	22
16134	20	22
16135	20	22
16294	20	X
17466	20	X
17567	20	X
17569	20	X
17647	20	X
1782	21	2
1784	21	2
2028	21	2
3076	21	3
3087	21	3
4132	21	4
5531	21	5
5532	21	5
5533	21	5
5711	21	5
6098	21	6
6101	21	6
6102	21	6
6103	21	6
6457	21	6
6464	21	6
6955	21	7
7004	21	7
7005	21	7
7049	21	7
7050	21	7
7052	21	7
7055	21	7
8277	21	8
8706	21	8
8709	21	8
8742	21	8
8744	21	8
8747	21	8
9131	21	9
9136	21	9
9137	21	9
9138	21	9
9140	21	9
9143	21	9
9144	21	9
9146	21	9
9150	21	9
9152	21	9
9153	21	9
9155	21	9
9160	21	9
9161	21	9
9163	21	9
9164	21	9
9165	21	9
9171	21	9
9407	21	9
10073	21	10
11667	21	12
13042	21	15
13043	21	15
13091	21	15
13217	21	16
13225	21	16
13227	21	16
13228	21	16
13233	21	16
13235	21	16
13239	21	16
13240	21	16
13247	21	16
13248	21	16
13251	21	16
13252	21	16
13253	21	16
13313	21	16
13314	21	16
13315	21	16
13620	21	16
13621	21	16
13622	21	16
13624	21	16
13629	21	16
13630	21	16
13631	21	16
13635	21	16
13638	21	16
13640	21	16
13641	21	16
13643	21	16
13646	21	16
13647	21	16
13649	21	16
13650	21	16
13651	21	16
13652	21	16
13653	21	16
13656	21	16
13658	21	16
13661	21	16
13664	21	16
13665	21	16
13666	21	16
13668	21	16
13670	21	16
13671	21	16
13672	21	16
13673	21	16
13818	21	16
13921	21	17
13983	21	17
14002	21	17
14269	21	17
14352	21	17
14353	21	17
14355	21	17
14356	21	17
14360	21	17
14362	21	17
14363	21	17
14365	21	17
14448	21	17
14458	21	17
14460	21	17
14462	21	17
14463	21	17
14464	21	17
14465	21	17
14466	21	17
14467	21	17
14468	21	17
14469	21	17
14497	21	17
14511	21	17
14514	21	17
14704	21	18
14740	21	18
14741	21	18
14744	21	18
14745	21	18
14747	21	18
14749	21	18
14826	21	18
14827	21	18
14871	21	19
15056	21	19
15097	21	19
15101	21	19
15106	21	19
15226	21	19
15229	21	19
16115	21	22
16487	21	X
16496	21	X
16514	21	X
16969	21	X
17001	21	X
17006	21	X
39	22	1
40	22	1
45	22	1
93	22	1
94	22	1
96	22	1
3234	22	3
3235	22	3
3236	22	3
3238	22	3
3447	22	3
4305	22	4
4307	22	4
7171	22	7
7315	22	7
7317	22	7
7318	22	7
7322	22	7
7323	22	7
7350	22	7
7353	22	7
7365	22	7
7366	22	7
7369	22	7
7372	22	7
7418	22	7
7440	22	7
7486	22	7
7487	22	7
7489	22	7
7491	22	7
8507	22	8
8509	22	8
8514	22	8
9737	22	10
9738	22	10
9742	22	10
10472	22	11
11026	22	11
11041	22	12
11043	22	12
11182	22	12
11186	22	12
11966	22	13
11967	22	13
12199	22	13
12232	22	14
12233	22	14
12847	22	15
12850	22	15
12851	22	15
13359	22	16
13495	22	16
13498	22	16
13522	22	16
13591	22	16
13599	22	16
13600	22	16
13604	22	16
13606	22	16
13608	22	16
13715	22	16
13766	22	16
13767	22	16
13771	22	16
13773	22	16
13783	22	16
14428	22	17
14456	22	17
14597	22	18
14753	22	18
14777	22	18
14778	22	18
15091	22	19
15137	22	19
15142	22	19
15146	22	19
15147	22	19
15148	22	19
15149	22	19
15158	22	19
15161	22	19
15165	22	19
15168	22	19
15179	22	19
15183	22	19
15186	22	19
15190	22	19
15191	22	19
15192	22	19
15195	22	19
15197	22	19
15210	22	19
15211	22	19
15214	22	19
15215	22	19
15217	22	19
15218	22	19
15219	22	19
15220	22	19
15221	22	19
15223	22	19
15242	22	19
15261	22	19
15270	22	19
15293	22	19
15445	22	19
16732	22	X
16891	22	X
16902	22	X
17176	22	X
17177	22	X
17303	22	X
17306	22	X
17309	22	X
17312	22	X
17399	22	X
17401	22	X
17406	22	X
17640	22	X
4120	23	4
6985	23	7
6986	23	7
6987	23	7
7516	23	7
7881	23	7
8767	23	9
8771	23	9
9101	23	9
9102	23	9
9103	23	9
13949	23	17
13960	23	17
15426	23	19
15430	23	19
15480	23	19
15481	23	19
15483	23	19
15487	23	19
15489	23	19
16022	23	22
16029	23	22
16082	23	22
16085	23	22
16086	23	22
16102	23	22
16103	23	22
16104	23	22
16156	23	22
16159	23	22
16162	23	22
16164	23	22
16166	23	22
16169	23	22
16171	23	22
16172	23	22
16173	23	22
16175	23	22
3077	24	3
3080	24	3
4035	24	4
6204	24	6
6675	24	6
8309	24	8
8344	24	8
8430	24	8
8489	24	8
8490	24	8
10712	24	11
10767	24	11
10798	24	11
10987	24	11
10989	24	11
11051	24	12
11362	24	12
11964	24	13
11965	24	13
12092	24	13
13598	24	16
13602	24	16
13617	24	16
13618	24	16
15408	24	19
15923	24	21
16123	24	22
16124	24	22
16129	24	22
16582	24	X
16741	24	X
16742	24	X
16744	24	X
16783	24	X
16836	24	X
16878	24	X
16879	24	X
16907	24	X
16935	24	X
16978	24	X
16984	24	X
16990	24	X
17002	24	X
17011	24	X
17015	24	X
17019	24	X
17027	24	X
17028	24	X
17029	24	X
17031	24	X
17037	24	X
17039	24	X
17042	24	X
17043	24	X
17044	24	X
17045	24	X
17046	24	X
17048	24	X
17049	24	X
17050	24	X
17051	24	X
17052	24	X
17053	24	X
17054	24	X
17055	24	X
17057	24	X
17058	24	X
17059	24	X
17062	24	X
17066	24	X
17067	24	X
17069	24	X
17070	24	X
17071	24	X
17074	24	X
17075	24	X
17205	24	X
17210	24	X
17225	24	X
17227	24	X
17228	24	X
17229	24	X
17234	24	X
17236	24	X
17237	24	X
17239	24	X
17242	24	X
17243	24	X
17247	24	X
17249	24	X
17252	24	X
17257	24	X
17265	24	X
17268	24	X
17269	24	X
17271	24	X
17272	24	X
17273	24	X
17274	24	X
17277	24	X
17282	24	X
17284	24	X
17286	24	X
17287	24	X
17289	24	X
17290	24	X
17292	24	X
17298	24	X
17301	24	X
17307	24	X
17360	24	X
17364	24	X
17367	24	X
17368	24	X
17369	24	X
17378	24	X
17380	24	X
17381	24	X
17383	24	X
17384	24	X
17386	24	X
17388	24	X
17389	24	X
17390	24	X
17392	24	X
17393	24	X
17409	24	X
17414	24	X
17419	24	X
17421	24	X
17438	24	X
17451	24	X
17459	24	X
17461	24	X
17462	24	X
17464	24	X
17470	24	X
17472	24	X
17475	24	X
17476	24	X
17479	24	X
17488	24	X
17501	24	X
17513	24	X
17516	24	X
17522	24	X
17524	24	X
17526	24	X
17528	24	X
17544	24	X
17545	24	X
17546	24	X
17547	24	X
17548	24	X
17552	24	X
17559	24	X
17560	24	X
17561	24	X
17562	24	X
17570	24	X
17571	24	X
17597	24	X
17607	24	X
17609	24	X
17610	24	X
17611	24	X
17612	24	X
